0.141704,-0.168888,0.139726,-0.410458,-0.019408,0.382149,-0.323996,-0.058544,-0.173620,0.049939,0.242829,-0.459752,0.379312,-0.199654,-0.241592,-0.194289,-0.222369,-0.366249,0.255990,0.039832,0.127640,0.329656,0.113862,0.077922,0.080425,0.005651,-0.070404,0.037700,0.197203,0.155689,-0.009323,0.022010,0.306740,0.060997,0.209620,0.206808,0.339069,0.249603,0.303057,0.080563
0.001219,-0.020838,0.127504,-0.797496,0.051650,0.444463,-0.631476,-0.171437,-0.373372,0.155941,0.279565,-0.451086,0.722501,-0.222715,-0.190689,-0.161215,-0.231815,-0.452149,0.235117,-0.141677,0.169169,0.331767,0.263862,0.240266,0.060852,0.234750,-0.058695,0.148737,0.317924,0.090046,0.193257,0.195162,0.502415,0.415856,0.553429,0.196251,0.438858,0.305514,0.660922,0.141097
0.239652,-0.085853,0.873472,-1.060842,0.281620,0.730582,-0.735487,-0.208213,-0.148393,0.239378,0.023415,-0.618699,0.891749,-0.692790,-0.307594,-0.197216,-0.466090,-1.437560,0.628058,-0.463826,0.195506,0.620313,0.102885,0.357695,0.127857,0.520671,0.197740,0.256928,0.418374,0.186184,0.251933,-0.147174,0.461252,0.404334,0.278652,0.544855,0.441871,0.115708,0.475373,0.100431
0.119993,-0.023854,0.164343,-0.373101,0.039888,0.340128,-0.160227,-0.029824,-0.100161,0.100921,-0.025257,-0.321033,0.418045,-0.177066,-0.097368,-0.170548,-0.018871,-0.411894,0.287079,-0.002512,0.006012,0.340626,-0.022498,0.110653,0.196867,0.093866,-0.081131,0.205447,0.274444,0.120901,0.090840,0.013053,0.286506,0.091365,0.283975,0.225355,0.283879,0.269836,0.175110,0.165324
0.050627,-0.052939,0.216204,-0.254956,-0.047326,0.237816,-0.180959,0.020733,-0.095167,0.050621,0.069389,-0.236650,0.203135,-0.058349,-0.075695,-0.155533,-0.160045,-0.298393,0.221842,-0.116973,0.045392,0.206095,0.018132,0.061818,0.218951,0.100052,0.038178,0.108659,0.183036,0.088805,0.112265,-0.136518,0.066591,0.167473,0.178810,0.164482,0.251467,0.079493,0.195888,0.086839
0.216091,-0.020338,0.300663,-0.491890,0.139983,0.379217,-0.275415,0.004507,-0.164870,0.095753,0.210587,-0.325409,0.475100,-0.315661,-0.299018,-0.145256,-0.153268,-0.364112,0.261851,0.027875,0.093752,0.289919,0.026747,0.106743,0.220454,0.133299,0.086402,0.287669,0.266491,-0.008602,0.101009,0.145794,0.250206,0.381076,0.518395,0.150920,0.304798,0.152585,0.276248,0.138912
0.076168,-0.003108,0.157206,-0.652542,-0.028395,0.430794,-0.307413,-0.166989,-0.199115,-0.069813,0.019590,-0.304141,0.432448,-0.252002,-0.423723,-0.287704,-0.093910,-0.542391,0.419544,-0.011185,0.107077,0.238092,0.450126,0.030802,0.186594,0.075335,-0.089899,0.210240,0.331194,0.046454,0.272343,0.215316,0.171788,0.458090,0.340585,0.393453,0.302394,0.004773,0.448076,0.259315
0.175205,-0.212678,0.399789,-0.455922,-0.034418,0.297226,-0.240139,-0.025430,-0.029849,0.033940,0.104023,-0.339019,0.349429,-0.213690,-0.176635,-0.003410,-0.189550,-0.576940,0.314952,-0.158478,0.197860,0.266650,0.013152,0.185265,0.217451,0.179023,0.115688,0.022286,0.485993,0.114133,0.205990,0.022431,0.212443,0.335179,0.395330,0.268252,0.363600,0.089721,0.276828,-0.011716
0.142500,-0.054963,0.219319,-0.207941,0.105418,0.284567,-0.178884,-0.062346,-0.058110,0.044028,0.085607,-0.348741,0.284012,-0.088402,-0.205743,-0.087973,-0.055139,-0.310103,0.100905,-0.005230,0.040160,0.164228,0.027656,0.084772,0.058207,-0.032392,-0.018734,0.226336,0.147182,0.129374,-0.060904,0.062825,0.082389,0.141252,0.179936,0.061820,0.241095,0.249353,0.193947,0.085775
0.265598,0.041336,0.384773,-0.696102,0.003003,0.646139,-0.333965,0.069282,-0.047772,0.196397,0.197804,-0.683745,0.708779,-0.366503,-0.224394,-0.167130,-0.148631,-0.405310,0.376671,0.082132,0.131633,0.179958,0.289091,0.095689,0.299489,0.314887,-0.177746,0.095898,0.275007,0.175670,0.193725,0.236880,0.425783,0.179417,0.604372,0.318899,0.142566,0.267259,0.430554,0.044088
0.201545,-0.079480,0.336067,-0.710849,-0.023686,0.259354,-0.217201,-0.001011,-0.092812,-0.005787,0.149387,-0.413429,0.400699,-0.276685,-0.432372,-0.132237,0.044762,-0.663254,0.348679,0.072875,0.211835,0.466572,0.014078,0.197543,0.156755,0.311827,0.066184,0.069379,0.363773,0.058439,0.182117,0.142321,0.246590,0.364116,0.400772,0.340388,0.292295,0.184174,0.175855,0.033179
0.199347,-0.082865,0.334172,-0.607108,-0.114191,0.478077,-0.496357,-0.282687,0.056005,0.071136,0.071572,-0.557511,0.327348,-0.236700,-0.120096,-0.155074,0.076950,-0.663874,0.295086,-0.052607,0.196011,0.319147,0.184733,0.244621,0.241517,0.297329,0.061712,0.071202,0.186821,0.275024,0.137506,0.124834,0.125872,0.326496,0.394360,0.345699,0.220868,0.244822,0.334611,0.091275
-0.116035,-0.138180,0.186545,-0.379950,0.054224,0.547248,-0.299072,-0.055004,-0.011865,-0.051117,0.134050,-0.325107,0.391061,-0.267909,-0.309269,-0.218512,-0.080537,-0.628572,0.107435,-0.067591,0.173158,0.249331,0.336915,0.298201,0.224565,0.118233,-0.112913,0.364026,0.328024,0.212044,0.154152,0.063401,0.127810,0.103904,0.551659,0.497457,0.319763,0.069702,0.203076,0.154822
0.208052,-0.048175,0.201394,-0.697638,0.074092,0.305557,-0.537384,-0.177211,-0.189750,-0.060240,0.286254,-0.517188,0.607761,-0.183306,-0.444411,-0.256607,-0.214505,-0.446504,0.428841,-0.026159,-0.079185,0.403136,0.137168,0.149746,0.302761,0.101666,-0.020559,0.179563,0.082388,0.099628,0.085441,0.207628,0.188492,0.456944,0.524011,0.157489,0.208526,0.353339,0.368939,0.072902
0.031098,-0.141665,0.305520,-0.829578,0.047379,0.416426,-0.455731,-0.166075,-0.211653,-0.069469,0.367618,-0.287991,0.567438,-0.250941,-0.239780,-0.237889,-0.281116,-0.406156,0.114888,-0.013475,0.089819,0.202187,0.112293,0.067859,0.042850,0.069127,0.092332,0.153892,0.221169,-0.058224,0.196592,0.250258,0.464960,0.444424,0.357688,0.308836,0.371849,0.342027,0.455943,0.119700
0.105900,0.067054,0.181791,-0.600995,-0.097043,0.453527,-0.354028,-0.225392,-0.075855,0.034337,-0.015363,-0.247393,0.538612,0.029876,-0.253503,-0.207826,-0.259335,-0.563053,0.111750,-0.174838,0.003398,0.370053,0.153579,0.138638,-0.003612,0.151114,-0.032610,0.128247,0.243612,0.141414,0.120795,0.021052,0.208542,0.252272,0.370581,0.211457,0.215927,0.031603,0.305977,0.239688
0.159486,-0.043617,0.437782,-0.568870,0.015189,0.550399,-0.383681,-0.097658,-0.083199,-0.027053,-0.005188,-0.367594,0.293272,-0.150872,-0.430840,-0.037219,-0.180159,-0.630080,0.179288,-0.089443,0.206016,0.397867,0.274222,0.340275,0.095398,0.103975,0.006213,0.279885,0.297245,0.204993,0.107598,-0.066493,0.160879,0.219114,0.347019,0.338894,0.339323,0.135030,0.232561,0.011661
0.234662,-0.191428,0.408428,-0.441368,0.000302,0.561424,-0.473331,-0.122285,-0.038081,0.154858,0.052789,-0.840585,0.440996,-0.231361,-0.390923,-0.120505,-0.016673,-0.547512,0.295196,0.217010,0.263502,0.344824,0.178089,0.273547,0.297416,0.359328,0.018624,0.097687,0.309271,0.262301,0.041799,0.236652,0.243648,0.265629,0.255273,0.295432,0.384304,0.177534,0.379796,0.149107
-0.030349,-0.081210,0.303695,-0.717555,0.089923,0.522789,-0.515065,-0.192132,0.008568,-0.091652,-0.037621,-0.601636,0.551021,-0.181475,-0.179450,-0.127648,-0.163784,-0.563303,0.219105,0.068164,0.155399,0.206769,0.003823,0.186185,0.386359,0.199119,0.023720,0.119321,0.214188,0.162935,0.290551,0.022367,0.242681,0.399679,0.455143,0.240372,0.354339,0.205559,0.288528,-0.011385
0.141681,-0.062288,0.256427,-0.506434,0.131803,0.481304,-0.459109,-0.081388,-0.278716,0.099549,0.243051,-0.376870,0.401951,-0.344658,-0.186431,-0.147492,-0.109698,-0.306085,0.206537,-0.056989,0.046714,0.200387,0.012534,0.197104,0.068651,0.130926,-0.036818,0.287183,0.142553,0.037114,0.120303,0.131734,0.156337,0.382036,0.332677,0.016036,0.479340,0.314990,0.302832,0.297544
0.227144,0.152165,0.325555,-0.698522,-0.118193,0.375038,-0.431224,-0.112039,0.061370,0.006986,0.206089,-0.608081,0.334404,-0.240080,-0.463324,-0.210808,-0.155962,-0.893472,0.395811,-0.064924,0.351953,0.560624,0.422767,0.265533,0.109228,0.314476,-0.135616,0.089557,0.339471,0.480887,0.165824,-0.037681,0.090542,0.240825,0.475111,0.474366,0.064054,-0.013290,0.349080,0.321499
0.263335,-0.107213,0.147027,-0.498626,0.068477,0.226118,-0.268870,-0.210062,-0.299340,-0.056899,0.309282,-0.266811,0.388095,-0.470494,-0.333415,-0.155391,-0.176028,-0.450155,0.065565,0.005851,0.201900,0.412946,0.103241,0.164857,-0.160679,-0.052136,0.091430,0.149860,0.184002,0.270373,-0.066528,0.043019,0.383817,0.206684,0.373957,0.246167,0.201990,0.250841,0.267379,0.140923
0.346664,0.029968,0.591463,-0.714308,0.349415,0.843781,-0.953608,0.212237,0.157947,0.223654,0.234278,-1.110400,0.765516,-0.006011,-0.477685,-0.374607,-0.172992,-0.844507,0.533758,0.029450,0.347969,0.349750,0.390015,0.505213,0.237743,0.582139,0.146446,0.053390,0.433057,0.860587,0.250421,-0.138810,0.103666,0.684013,0.780324,0.514482,0.068495,0.004088,0.527954,-0.026764
0.066282,-0.139331,0.240089,-0.212748,0.058690,0.395013,-0.301695,-0.063327,0.023512,0.044220,0.070180,-0.494020,0.411555,-0.235136,-0.164180,-0.102456,-0.130213,-0.407119,0.179422,-0.028704,0.104533,0.263636,-0.074469,0.183252,0.248864,0.140034,-0.081281,0.147782,0.101128,0.159890,0.069376,0.003048,0.191185,0.135258,0.224782,0.128737,0.354492,0.222830,0.190519,0.121468
0.110280,-0.103200,0.231774,-0.509177,0.143526,0.173821,-0.434324,-0.149450,-0.285724,0.060190,0.122984,-0.433508,0.327245,-0.222540,-0.434573,-0.244642,-0.042293,-0.362968,0.302899,0.004366,0.279290,0.255885,0.144820,0.092900,0.108880,0.108209,-0.060529,0.080183,0.210101,0.098729,0.139257,0.040616,0.259734,0.250093,0.392747,0.315427,0.185569,0.127044,0.197931,0.119361
0.089910,-0.152967,0.426631,-0.491183,0.041343,0.402489,-0.373835,-0.136426,0.038502,0.014231,0.117102,-0.543497,0.549199,-0.371728,0.015569,-0.142060,0.058913,-0.633799,0.354867,-0.102815,0.039730,0.413468,0.052329,0.123417,0.389684,0.294989,-0.072474,0.107982,0.238575,0.069264,0.216905,0.073709,0.280404,0.375483,0.518759,0.166400,0.314596,0.195081,0.342982,0.113322
0.139634,0.062513,0.166656,-0.666190,0.021896,0.352493,-0.441205,-0.135832,-0.005445,0.054687,0.176160,-0.437944,0.522132,-0.129163,-0.203078,-0.178469,-0.157721,-0.503619,0.243955,-0.118947,0.198064,0.369107,0.186804,0.264911,0.134507,0.281500,-0.076896,0.024634,0.122255,0.276590,0.167841,-0.004936,0.146825,0.160466,0.390609,0.220227,0.128839,0.098677,0.306745,0.200675
0.170555,-0.013205,0.342842,-0.503621,0.067783,0.454763,-0.385657,-0.080519,-0.010425,0.032557,0.120636,-0.411071,0.359048,-0.027918,-0.100958,0.072463,-0.204893,-0.438123,0.247742,-0.022879,0.120068,0.260527,0.062680,0.248028,0.158906,0.124766,0.103508,0.265616,0.297104,0.194500,0.055566,0.030757,0.153225,0.291528,0.311120,0.128383,0.235806,0.169843,0.256194,-0.081581
-0.028115,-0.005055,0.425656,-0.832193,0.008070,0.512770,-0.610934,-0.054331,-0.209798,-0.021313,-0.120671,-0.416741,0.246346,-0.244951,-0.670261,-0.242130,-0.162986,-0.658681,0.513508,-0.093221,0.120986,0.336427,0.425906,0.190926,0.221158,0.169840,-0.058378,0.367396,0.223495,0.032696,0.148440,-0.059812,0.115767,0.670321,0.481565,0.375852,0.361890,0.053916,0.421865,0.207594
0.098717,-0.124647,0.316445,-0.323196,-0.056320,0.362759,-0.101305,-0.057600,-0.028584,0.109396,0.135553,-0.363759,0.395705,-0.221889,-0.145160,-0.127169,-0.100893,-0.516941,0.284592,-0.045190,0.085926,0.348160,-0.018676,0.052885,0.234459,0.119628,-0.026191,0.257847,0.265221,0.136255,0.112418,-0.055144,0.177600,0.142369,0.273984,0.297238,0.311193,0.286082,0.209645,0.127573
0.265944,-0.098794,0.437183,-0.541625,0.062317,0.330267,-0.330136,-0.159190,0.144259,-0.049315,0.175167,-0.497830,0.574427,-0.455263,-0.142310,-0.213374,-0.159404,-0.717947,0.205457,-0.040161,0.200444,0.313863,-0.029121,0.154126,0.276667,0.030399,0.004200,0.063984,0.150859,0.274752,0.117082,0.015022,0.352821,0.301975,0.370753,0.200584,0.356129,0.172323,0.314753,0.146359
-0.182845,-0.331235,0.469551,-0.696585,0.143978,0.609220,-0.505722,-0.146625,-0.265834,0.099980,0.006206,-0.502517,0.685007,-0.171388,-0.410662,-0.190481,-0.246993,-1.163755,0.209471,-0.197732,0.252088,0.303744,0.072018,0.359435,0.193635,0.232920,0.073419,0.070408,0.190377,0.290665,0.293244,-0.274982,0.058392,0.388748,0.443806,0.541049,0.637618,0.176026,0.420317,0.065321
-0.048656,-0.096674,0.459255,-0.589445,0.042358,0.425047,-0.496817,-0.054095,-0.090117,0.049724,-0.124448,-0.512984,0.264208,-0.214266,-0.380049,-0.087732,-0.177210,-0.623128,0.270104,0.072487,0.227458,0.237532,0.214293,0.270682,0.381553,0.281586,0.089689,0.102821,0.285377,0.067860,0.212263,-0.064386,0.196884,0.447978,0.419254,0.321113,0.422705,0.075061,0.363111,0.024710
0.057219,0.050518,0.039505,-0.455064,0.012723,0.345372,-0.240839,-0.125682,-0.134436,0.038431,0.138622,-0.326308,0.324011,-0.065074,-0.185580,-0.047327,-0.199183,-0.221676,0.190062,-0.047647,-0.015223,0.195246,0.029453,0.083823,-0.016441,0.067627,0.006701,0.206182,0.148432,0.070944,0.055501,-0.024106,0.195233,0.218886,0.217493,0.091141,0.220437,0.298446,0.221111,0.044271
0.290863,-0.047467,0.300304,-0.430921,0.028409,0.351081,-0.011962,-0.021857,-0.119279,0.033689,0.301559,-0.160532,0.411951,-0.242160,-0.284761,-0.329371,0.019574,-0.531967,0.328197,0.166456,0.142906,0.362718,0.158335,0.002741,0.221222,0.170164,-0.060294,0.229414,0.388247,0.139904,0.088785,0.186451,0.051201,0.191031,0.434313,0.261823,0.285954,0.129055,0.242689,0.109111
0.208349,0.046664,0.362748,-0.820229,-0.169605,1.098410,-0.432357,-0.139341,-0.218917,0.068641,0.232680,-0.990966,0.646975,-0.243996,-0.651766,-0.205682,-0.107054,-0.762108,0.396034,0.110040,0.240890,0.573374,0.324193,0.480829,0.074934,0.392510,-0.152947,0.205357,0.617059,-0.028787,0.134203,0.331387,0.142519,0.293906,0.535426,0.500043,0.228705,0.204772,0.600081,0.358380
0.400620,0.018584,-0.029840,-1.604032,-0.551942,1.185232,-0.813939,-0.538694,-0.442408,0.156102,0.440176,-0.582033,0.819229,-0.807587,-0.504573,-0.799731,-0.468779,-1.114366,0.460819,-0.594974,0.010279,0.668788,0.576428,0.138184,0.013214,0.227333,-0.778911,0.038377,0.470455,0.073214,0.612765,0.540855,0.423677,0.662685,0.970033,0.301197,0.658575,0.320695,1.078349,0.218061
0.013951,-0.250226,0.285818,-0.455993,0.005382,0.522234,-0.493761,-0.091677,0.037778,0.010569,0.066008,-0.445703,0.531731,-0.309528,0.018603,-0.176168,-0.066318,-0.409408,0.170670,-0.088752,0.076073,0.218174,0.032697,0.237266,0.391629,0.404836,-0.188319,0.131777,0.161513,0.063366,0.375134,-0.000222,0.290422,0.195613,0.483087,0.153428,0.285229,0.214276,0.257220,0.165453
0.043654,-0.118190,0.239030,-0.213764,-0.102996,0.371385,-0.338294,-0.029258,0.006026,0.042555,0.189694,-0.446928,0.419518,-0.297708,-0.117213,-0.280105,0.002309,-0.393692,0.288099,-0.152043,0.080009,0.182430,-0.019986,0.160558,0.199642,0.276239,-0.032986,0.021229,0.155632,0.188647,0.210260,0.061084,0.148582,0.220082,0.269928,0.089986,0.255575,0.082066,0.235430,0.164889
0.094753,-0.223221,0.370064,-0.429349,0.039410,0.548157,-0.444624,-0.007311,-0.092540,0.144116,0.238640,-0.631163,0.528179,-0.261056,-0.168869,-0.137827,-0.127474,-0.456579,0.242816,0.068213,0.224135,0.241982,-0.001001,0.311541,0.239112,0.210688,-0.140598,0.042680,0.331526,0.042244,0.171637,-0.069403,0.318718,0.283725,0.264131,0.172948,0.425769,0.231037,0.380146,0.148794
0.114888,-0.175990,0.330316,-0.440011,-0.069696,0.357977,-0.230504,-0.035384,-0.055701,-0.044635,0.245674,-0.371163,0.432122,-0.318024,-0.234994,-0.125535,-0.152667,-0.611036,0.244873,0.043771,0.270300,0.268611,0.256280,0.095778,0.175108,0.139369,0.028540,0.021951,0.287977,0.179970,0.199183,0.178938,0.298903,0.251383,0.285989,0.225987,0.274310,0.132477,0.352562,0.058832
0.165993,0.089105,0.223843,-0.649045,-0.041871,0.579520,-0.463715,-0.026304,-0.094023,0.068594,0.103296,-0.894993,0.647384,-0.247699,-0.528830,-0.214645,-0.099278,-0.412084,0.406925,-0.042191,0.048961,0.483622,0.334954,0.260515,0.151311,0.169704,-0.112227,0.240726,0.286400,0.080163,0.030384,0.021694,0.273887,0.324685,0.525227,0.277143,0.141430,0.163422,0.322398,0.192631
0.294055,-0.002569,0.292573,-0.561090,0.083186,0.301392,-0.301456,-0.193034,-0.084790,0.036485,0.121294,-0.414834,0.539843,-0.261237,-0.329262,-0.224396,-0.034495,-0.474526,0.188270,0.030938,0.268893,0.161829,0.068793,0.102348,0.194765,0.098876,0.076338,0.206212,0.209488,0.228256,0.224090,0.095817,0.335952,0.267634,0.474872,0.275692,0.222632,0.219900,0.271836,0.116401
0.178792,-0.000653,0.248078,-0.455979,0.040534,0.292572,-0.160860,-0.172902,-0.134594,0.040675,0.115253,-0.347326,0.275578,-0.120355,-0.327189,-0.115035,-0.108341,-0.477970,0.192437,0.044176,0.089882,0.327688,0.221104,0.091463,0.012195,-0.011686,-0.049619,0.239933,0.327913,0.264951,0.047453,-0.004974,0.199525,0.132656,0.213694,0.201287,0.203081,0.145284,0.300271,0.012941
0.172051,0.020765,0.171659,-0.314903,0.014350,0.291330,-0.220226,-0.071472,-0.085639,0.042030,0.189036,-0.283497,0.240857,-0.205988,-0.204789,0.004232,-0.096115,-0.273506,0.190257,-0.002181,0.048421,0.250412,0.100250,0.089187,-0.028166,-0.052083,-0.012997,0.170168,0.194482,0.142306,-0.071489,0.105133,0.154289,0.257951,0.236480,-0.000784,0.280449,0.158256,0.193209,0.064405
0.073967,-0.080632,0.089745,-0.611107,-0.141655,0.326371,-0.337537,-0.084502,-0.210683,0.044745,0.219122,-0.383757,0.393177,-0.138363,-0.347627,-0.260478,-0.133788,-0.337990,0.343872,0.077852,0.063682,0.311272,0.177656,0.044173,0.100074,0.184162,-0.010409,0.165360,0.234685,0.037107,0.175175,0.134474,0.160012,0.311650,0.246164,0.183204,0.157898,0.231206,0.240417,0.063877
0.092824,-0.186763,0.349437,-0.490601,-0.026278,0.329160,-0.316700,-0.227582,-0.016770,0.075050,0.017450,-0.500121,0.216213,-0.187609,-0.210847,-0.106748,0.067494,-0.608897,0.242722,0.020373,0.174458,0.312097,0.202473,0.222937,0.345950,0.306099,0.100552,0.092826,0.209249,0.133126,0.172340,0.062247,0.042579,0.218745,0.334080,0.286658,0.243289,0.141776,0.278460,0.048979
0.176969,0.049245,0.296919,-0.411276,0.131504,0.336865,-0.255797,-0.103603,0.012308,0.018011,-0.032201,-0.232772,0.266150,-0.271029,-0.194874,0.005220,0.031772,-0.489648,0.229264,-0.058991,0.120891,0.315795,0.003680,0.107172,0.148496,0.146148,0.018742,0.296556,0.172093,0.150354,0.099802,0.017796,0.271449,0.236022,0.441629,0.153616,0.249796,0.199153,0.182002,0.086623
0.084572,-0.089958,0.259184,-0.627232,0.103546,0.236770,-0.527670,-0.064180,-0.064272,0.057464,0.054628,-0.612383,0.362138,-0.338939,-0.367396,-0.234549,-0.055655,-0.460597,0.423795,-0.032197,0.222856,0.353584,0.108850,0.125971,0.332242,0.178461,-0.111192,0.189053,0.112809,0.112581,0.201478,-0.010616,0.208674,0.371079,0.467504,0.337200,0.291349,0.161002,0.253087,0.107726
0.282477,-0.054818,0.176461,-0.821584,-0.107661,0.901327,-0.377256,-0.129917,0.099002,0.336461,-0.023776,-0.952344,0.949312,-0.441730,-0.357859,-0.322201,-0.348707,-0.760150,0.242099,-0.139531,0.217735,0.251492,0.155144,0.096348,0.469743,0.247862,-0.303791,0.078249,0.190653,0.377376,0.468393,-0.039669,0.567767,0.359810,0.788331,0.344061,0.420695,0.098221,0.336796,0.066310
0.012909,-0.147386,0.342866,-0.337528,0.024536,0.439015,-0.271340,-0.002335,-0.195544,0.162899,0.229722,-0.362745,0.171873,-0.174809,-0.286400,-0.120265,-0.226249,-0.307295,0.166498,0.164349,0.211543,0.093111,0.203302,0.170798,0.037272,-0.055118,-0.059937,0.033127,0.243956,0.165882,0.097251,0.088959,0.302182,0.168983,0.106670,0.161013,0.277825,0.168187,0.173385,0.064136
0.112115,-0.153424,0.500153,-0.528393,-0.048135,0.547729,-0.423343,-0.063479,-0.023185,-0.090188,0.323792,-0.509122,0.764764,-0.371573,-0.148930,-0.282754,-0.112274,-0.754513,0.259400,-0.132349,0.136025,0.371431,0.107848,0.079824,0.243450,0.413181,-0.057521,-0.095637,0.303434,0.090790,0.359595,0.301908,0.364546,0.443454,0.534863,0.330162,0.348962,0.156474,0.500675,0.281382
-0.001922,-0.156536,0.166341,-0.644777,0.049537,0.319513,-0.186779,-0.113307,-0.170564,0.065966,0.065281,-0.270635,0.296618,-0.029607,-0.378696,-0.166016,-0.254631,-0.375789,0.208223,0.145316,0.080586,0.252079,0.264390,0.086339,0.164871,0.018807,0.009096,0.200093,0.213234,0.103435,0.218116,0.096490,0.113777,0.180440,0.180397,0.217524,0.225875,0.026271,0.324159,0.012808
0.700739,0.090482,0.674977,-0.838009,0.135713,0.659691,-0.500702,0.104214,-0.049247,0.336272,0.367510,-0.773468,1.204168,-0.509190,-0.224889,-0.063557,-0.068780,-1.172698,0.649152,-0.136127,0.299778,0.511271,-0.096239,0.215016,0.351884,0.417632,0.151676,-0.041796,0.407060,0.237710,0.126107,0.050492,0.552786,0.559871,0.502351,0.170405,0.524194,0.072503,0.287804,0.027836
0.170306,-0.230271,0.240056,-0.429648,0.091957,0.171555,-0.169901,-0.188028,-0.166482,0.124094,-0.059484,-0.244974,0.260509,-0.211533,-0.286682,-0.121828,-0.021775,-0.560163,0.097661,0.054373,0.136673,0.244873,0.187864,0.181586,0.189602,0.173344,-0.041785,0.059711,0.259479,0.143685,0.175337,0.105966,0.176818,0.106566,0.303688,0.201090,0.350393,0.082836,0.195801,0.064623
0.022920,0.230690,0.115883,-0.707223,0.059038,0.490092,-0.321367,0.005888,-0.090031,0.066781,0.032014,-0.674697,0.710081,-0.317911,-0.523769,-0.205876,0.028500,-0.380506,0.302972,0.093149,0.245298,0.450165,0.154931,0.289513,0.112748,0.204413,-0.069020,0.203900,0.225377,0.077804,0.297344,-0.097698,0.490092,0.269898,0.619682,0.423024,0.152556,0.207131,0.279252,0.158792
-0.102150,-0.012502,0.368968,-0.402622,0.040057,0.546847,-0.545285,-0.096502,-0.010135,0.128245,-0.064533,-0.615106,0.502958,-0.362586,-0.344258,-0.152826,-0.052475,-0.606077,0.354850,-0.076745,0.066984,0.476321,0.081754,0.294758,0.233619,0.246792,0.009428,0.298238,0.178801,0.301597,0.221991,-0.035647,0.128804,0.318854,0.392118,0.569797,0.305555,0.272863,0.253037,0.284456
-0.115110,-0.145515,0.332722,-0.472486,-0.165976,0.740873,-0.598604,-0.225937,-0.032872,0.067971,-0.080241,-0.636280,0.446024,-0.146933,-0.309504,-0.246186,-0.229474,-0.610426,0.291528,-0.114479,0.029496,0.392434,0.133033,0.198273,0.216061,0.290446,0.029427,0.179880,0.191956,0.205810,0.376716,-0.105699,0.000769,0.307065,0.454505,0.374952,0.197318,0.127345,0.252593,0.153098
0.046031,0.024701,0.072213,-0.308862,0.068371,0.231258,-0.169085,-0.064784,-0.134349,-0.008912,0.053544,-0.242617,0.274846,-0.051774,-0.200814,-0.049922,-0.046165,-0.246152,0.202261,0.035302,-0.020309,0.273355,0.073095,0.103615,0.090975,0.054411,-0.074560,0.247050,0.216438,0.083454,0.029510,0.153716,0.165481,0.139052,0.166429,0.075961,0.268490,0.131193,0.193124,0.074181
0.100714,-0.050449,0.235511,-0.253010,0.049583,0.339686,-0.253676,0.010387,-0.042308,0.033561,0.117287,-0.365897,0.297585,-0.152840,-0.167021,-0.090747,-0.183618,-0.290303,0.234456,-0.111718,0.001356,0.271804,0.079778,0.099364,0.116737,0.100937,-0.035336,0.180357,0.189076,0.077823,0.063176,0.017689,0.092842,0.276226,0.203811,0.081521,0.343549,0.159399,0.251493,0.184430
-0.122874,-0.020287,0.234432,-0.594861,-0.140680,0.292742,-0.494037,-0.230269,-0.077333,-0.065500,0.186746,-0.325668,0.430460,-0.295265,-0.147032,-0.253420,-0.030076,-0.378460,0.306423,-0.374332,0.027567,0.260745,0.186058,0.228699,0.209788,0.409039,-0.058288,0.048240,0.110202,0.177977,0.252195,0.086935,0.099327,0.316370,0.371060,0.368643,0.243502,0.241119,0.376297,0.284790
0.092722,-0.173868,0.300443,-0.244486,0.095675,0.304515,-0.065364,-0.052825,-0.147910,0.057344,0.184287,-0.177533,0.351001,-0.206972,-0.254878,-0.175460,-0.073959,-0.346743,0.084690,0.110646,0.193391,0.217178,0.024708,0.050235,0.084289,0.007798,0.031209,0.059152,0.281507,0.104420,0.180573,0.123248,0.185912,0.115274,0.219098,0.165013,0.293726,0.049890,0.218001,0.104683
0.096160,-0.052575,0.038880,-0.481527,0.102648,0.286134,-0.332346,-0.123631,-0.240469,0.051274,0.088051,-0.317039,0.345421,-0.087961,-0.340780,-0.119977,-0.100851,-0.290966,0.185214,0.082820,0.062268,0.310687,0.151158,0.254239,0.088152,0.136350,-0.059387,0.233423,0.268013,0.085587,0.015555,0.307716,0.246308,0.119291,0.203492,0.134636,0.298442,0.087831,0.332173,0.054761
0.326370,-0.036239,0.278837,-0.845443,0.123057,0.353949,-0.345948,-0.071679,-0.121648,-0.038269,0.243085,-0.280489,0.466177,-0.463064,-0.156815,-0.290110,-0.025394,-0.636904,0.277183,-0.139571,0.192379,0.347522,0.245402,0.161054,0.290141,0.051608,-0.119095,0.370883,0.171757,0.448125,0.156224,0.120310,0.215710,0.309650,0.523600,0.518125,0.311166,-0.013452,0.023422,0.207073
0.173978,0.014377,0.230762,-0.555969,0.027197,0.541347,-0.354677,-0.058832,-0.253532,0.032314,0.010786,-0.255453,0.673206,-0.325565,-0.245754,-0.246332,0.032639,-0.490238,0.240569,-0.256338,-0.105436,0.411488,0.069331,0.194367,-0.067147,0.161725,-0.106009,0.387120,0.427102,0.175494,0.221425,0.195347,0.337915,0.252945,0.442707,0.353957,0.507432,0.282511,0.356038,0.404886
0.180430,-0.021449,0.273856,-0.303500,0.083450,0.317154,-0.173286,-0.143870,-0.134561,0.043401,0.064504,-0.378269,0.332348,-0.185309,-0.192190,-0.008076,-0.094764,-0.341635,0.183678,-0.041417,-0.045003,0.158485,0.060161,0.030399,0.073240,0.014991,-0.026681,0.215236,0.126799,0.192966,-0.169118,0.001392,0.102591,0.197038,0.263627,0.144777,0.176774,0.258718,0.208333,0.137030
-0.137227,0.025176,0.173422,-0.576618,0.011963,0.332805,-0.223362,0.035061,-0.092036,-0.004231,-0.082693,-0.427349,0.229812,-0.207971,-0.307499,-0.134515,-0.155482,-0.476562,0.317404,-0.070190,0.122646,0.317186,0.306854,0.015007,0.192573,0.076912,-0.010503,0.137056,0.199304,0.152898,0.226632,-0.114666,0.134503,0.304491,0.222687,0.308173,0.326616,0.011049,0.200023,0.131017
0.093142,-0.111080,0.276124,-0.291578,0.072547,0.443797,-0.120296,-0.057048,-0.105209,0.166741,0.175354,-0.287251,0.273813,-0.179994,-0.365971,-0.141020,-0.207994,-0.445899,0.250265,-0.069485,-0.036532,0.304113,0.175128,-0.003275,-0.035267,0.013120,-0.134881,0.355229,0.265883,0.127820,-0.020262,0.103439,0.039071,0.287151,0.210274,0.093477,0.428733,0.180347,0.254517,0.218644
0.156245,-0.056035,0.245844,-0.264008,0.088681,0.295543,-0.122420,-0.042987,-0.119877,0.036057,0.018060,-0.325458,0.391376,-0.192184,-0.148163,-0.167702,-0.021090,-0.386059,0.143303,-0.044903,0.068943,0.214653,-0.039519,0.143909,0.147823,0.031672,-0.015299,0.211036,0.197952,0.114474,0.039488,0.015616,0.192122,0.109743,0.292101,0.147167,0.208749,0.279205,0.198421,0.149561
0.187400,-0.126527,0.254116,-0.644057,0.139996,0.476349,-0.397076,-0.098370,-0.108376,-0.049422,0.300090,-0.437518,0.420610,-0.260967,-0.121205,-0.050529,-0.264134,-0.409714,0.254306,-0.048748,0.144320,0.134724,0.106004,0.361566,0.078973,-0.057345,0.017094,0.118608,0.165497,0.195761,-0.025771,0.088903,0.189636,0.339727,0.331397,0.244515,0.220959,0.183128,0.451888,0.044421
0.498138,0.040939,0.454552,-0.316801,0.053583,0.498106,-0.254501,-0.086546,-0.079780,0.129441,0.358686,-0.566164,0.556151,-0.448439,-0.257084,-0.330168,-0.159462,-0.735404,0.526402,-0.096197,0.189234,0.532180,0.046015,0.160470,0.319380,0.334084,-0.255046,0.059393,0.275869,0.275616,-0.101382,0.204817,0.056671,0.267062,0.429942,0.078870,0.112602,0.117279,0.166827,0.208229
0.165369,-0.172773,0.313115,-0.239471,0.145854,0.366183,-0.187892,-0.133756,-0.167005,0.032092,-0.060588,-0.292359,0.384721,-0.129797,-0.160423,-0.095773,-0.094227,-0.401483,0.164453,0.057813,0.031901,0.175699,-0.075627,0.100960,0.211440,0.125067,0.011062,0.190547,0.244924,0.083081,0.027813,0.048585,0.176921,0.269601,0.383165,0.105815,0.298785,0.220087,0.225109,0.052737
0.343150,-0.094895,0.437608,-0.401725,0.057344,0.476624,-0.440358,-0.069300,0.003575,0.106363,0.160356,-0.378881,0.448436,-0.145702,-0.276800,-0.079172,-0.145190,-0.581043,0.230151,0.096741,0.230727,0.331349,-0.087292,0.294213,0.029658,0.088335,0.006279,0.031260,0.164657,0.221758,0.016686,0.004411,0.126701,0.288964,0.182093,0.087974,0.362933,0.085361,0.181464,0.181025
0.089715,-0.069708,0.165417,-0.414908,-0.020593,0.371468,-0.126331,-0.041232,-0.141425,0.146910,0.193519,-0.338604,0.409602,-0.232905,-0.189444,-0.186112,-0.123280,-0.422863,0.348710,0.042499,0.053065,0.359397,0.025406,0.008737,0.066746,0.096349,-0.048906,0.237303,0.341159,0.113380,0.016115,-0.005162,0.257278,0.118739,0.236095,0.155837,0.306190,0.304489,0.216286,0.203892
3.329931,-0.848646,3.051137,-7.931865,4.896203,5.807656,-3.170530,-3.001745,-0.340913,3.622672,3.440844,-5.592674,4.168475,-5.173022,-5.250677,-0.891348,-1.481117,-5.547946,5.237411,0.367207,1.072681,1.781839,1.820171,1.029847,-0.105295,-1.985252,1.210701,0.375106,1.176459,1.188816,1.023780,2.744881,4.010448,3.770631,4.583121,3.782153,0.425387,1.235799,3.724339,0.213735
-0.083101,-0.099563,0.167199,-0.422078,0.110002,0.398170,-0.256588,-0.080504,-0.182813,-0.128218,0.246339,-0.187321,0.407260,-0.330637,-0.265115,-0.132955,-0.112185,-0.469146,0.034070,-0.111438,0.090103,0.314937,0.261553,0.156650,0.006177,-0.165584,-0.007799,0.339403,0.236862,0.117144,0.149792,0.050203,0.184035,0.254395,0.349496,0.343659,0.346856,0.096558,0.264665,0.283661
-0.074389,-0.121095,0.313684,-0.709506,0.271007,0.517175,-0.471448,-0.156984,-0.216575,-0.045249,-0.045599,-0.390621,0.471088,-0.196663,-0.282383,-0.140437,-0.312103,-0.301067,-0.030561,0.129019,0.218130,0.200262,0.196301,0.083795,0.332058,-0.059534,-0.050255,0.174901,0.058262,0.183058,0.182662,0.049830,0.319816,0.430142,0.338172,0.190972,0.369881,0.181007,0.330271,0.010937
0.191664,0.117325,0.209049,-0.729417,-0.217598,0.420543,-0.256430,-0.075022,0.046042,-0.010920,0.205793,-0.348829,0.495958,-0.367269,-0.181740,-0.270729,0.048087,-0.606986,0.167429,-0.200457,0.251121,0.345110,0.232243,0.087350,0.223386,0.256487,-0.049053,0.034295,0.334905,0.195578,0.295627,0.177749,0.142270,0.179758,0.527106,0.341673,0.153657,0.059473,0.332180,0.134124
0.171839,-0.191030,0.360008,-0.628097,-0.044494,0.394093,-0.290100,-0.216667,-0.277810,0.139091,0.014604,-0.354498,0.495137,-0.135907,-0.406991,-0.248381,-0.118500,-0.564635,0.194497,0.039165,0.156185,0.488048,0.060953,0.361868,0.050617,0.229626,-0.015081,0.005567,0.385846,0.020793,0.121359,0.171238,0.277119,0.179568,0.244927,0.152966,0.418959,0.108109,0.314695,0.176094
0.097506,-0.109172,0.206688,-0.189271,0.061356,0.336396,-0.270975,-0.070093,0.029626,0.054457,0.073313,-0.414453,0.366612,-0.173910,-0.159831,-0.068418,-0.114383,-0.345293,0.152361,-0.029670,0.081170,0.225139,-0.059707,0.136476,0.177631,0.092166,-0.079023,0.169071,0.104851,0.129330,0.018608,0.005511,0.156374,0.145982,0.201878,0.080908,0.315727,0.194483,0.174537,0.073973
0.143379,-0.000848,0.134692,-0.385476,0.067433,0.337266,-0.243970,-0.007498,-0.147040,0.051321,0.119808,-0.390581,0.439299,-0.193398,-0.127018,-0.161940,-0.107956,-0.323492,0.231450,-0.011314,0.053434,0.302256,-0.011172,0.099989,0.108601,0.102511,-0.043513,0.168649,0.266208,0.129629,-0.002354,0.017389,0.324696,0.120473,0.290914,0.165419,0.211730,0.283691,0.257771,0.123393
0.259409,-0.191747,0.345320,-0.610968,0.095194,0.375105,-0.200973,-0.160516,-0.193970,0.209183,0.096448,-0.283269,0.281384,-0.058430,-0.494319,-0.099255,-0.039501,-0.613943,0.227369,0.203248,0.146938,0.312832,0.323329,0.245963,0.227661,0.094711,0.055120,0.230778,0.456072,0.146369,-0.008298,0.360547,0.152071,0.303710,0.320905,0.101376,0.391339,0.034487,0.330027,-0.089676
0.146640,0.031531,0.361447,-0.547975,0.112865,0.461838,-0.573946,-0.062189,0.071329,0.115969,0.033792,-0.591103,0.327344,-0.334326,-0.337393,-0.151329,-0.022776,-0.675242,0.572314,-0.161030,0.158978,0.375920,0.145613,0.155234,0.403179,0.127916,-0.016878,0.440839,0.145203,0.045662,0.003092,0.011503,0.174747,0.507042,0.601706,0.301934,0.358208,0.159682,0.311106,0.114254
0.251096,-0.291686,0.403809,-0.704547,-0.025243,0.305203,-0.182259,-0.314682,-0.178475,0.096440,0.281094,-0.222236,0.238058,-0.058303,-0.389000,-0.171855,-0.073038,-0.689591,0.309322,0.101405,0.135171,0.382007,0.265954,0.154042,0.194252,-0.044430,0.072676,0.130542,0.417671,0.244675,0.194973,0.097346,-0.002860,0.285557,0.188839,0.196603,0.252169,0.075411,0.343470,-0.066506
0.227670,0.024086,0.267665,-0.791176,0.040856,0.420421,-0.323713,0.067292,-0.152851,0.027127,0.397487,-0.657078,0.703033,-0.493846,-0.154468,-0.341271,-0.070109,-0.530018,0.424934,-0.065196,0.090666,0.381521,0.286942,0.131764,0.291157,0.101232,-0.052322,0.116293,0.265623,0.331055,0.169501,0.020002,0.346129,0.141023,0.569619,0.233452,0.252207,0.246649,0.314978,0.046342
0.329238,-0.066424,0.506488,-0.530941,-0.024514,0.383624,-0.375921,-0.215635,0.053873,0.029815,0.352995,-0.720219,0.657350,-0.170915,-0.493438,-0.268550,-0.329549,-0.683322,0.338521,0.160608,0.255160,0.304262,0.128238,0.059979,0.271006,0.007196,0.012944,0.005485,0.254931,0.357387,0.053685,0.164754,0.238081,0.375298,0.262722,0.134412,0.325374,0.233073,0.418552,0.155993
0.238140,-0.127684,0.307283,-0.402990,0.066786,0.303043,-0.237900,-0.150012,-0.174316,0.101847,-0.020816,-0.363089,0.359777,-0.022895,-0.382699,-0.115967,0.019444,-0.427051,0.124113,0.077574,0.222494,0.226935,0.124335,0.123184,0.146000,0.121405,0.037188,0.148104,0.281395,0.128311,0.085407,0.077356,0.248411,0.153442,0.282651,0.190830,0.212497,0.125218,0.236630,0.057284
0.333382,-0.130709,0.337183,-0.480677,0.048030,0.485476,-0.392528,-0.150732,-0.190296,0.112549,0.276947,-0.607615,0.552999,-0.216416,-0.367220,-0.120136,-0.161652,-0.532292,0.105023,0.082707,0.359003,0.191318,0.164561,0.117310,0.027267,-0.024614,-0.065880,0.045521,0.244124,0.284237,-0.016392,0.084623,0.434046,0.243398,0.279857,0.202571,0.254552,0.188666,0.369493,0.106687
0.021692,0.014491,0.305340,-0.744560,0.029817,0.566073,-0.440017,-0.247668,-0.307166,0.127562,0.155585,-0.413785,0.698085,-0.257811,-0.368409,-0.239962,-0.440788,-0.845081,0.267331,-0.339874,0.086926,0.435282,0.176328,0.256030,0.000233,-0.009756,-0.025184,-0.236453,0.156570,0.416324,0.369616,-0.148575,0.262019,0.646028,0.236351,0.305024,0.428639,0.045982,0.511997,-0.085250
7.931082,0.639587,0.385408,-6.791715,-0.045969,10.207193,-6.222887,-8.407946,-3.905880,-4.726006,1.751957,-4.409233,8.287085,-8.624058,-3.388433,-8.732550,-1.892058,-7.901825,8.672496,-4.286421,-2.884010,4.574863,2.806522,3.107604,-3.103187,1.970332,-0.874168,2.499810,2.361315,5.783021,2.737537,0.275574,3.020874,1.692407,6.586388,2.948016,6.050263,4.487013,1.777869,3.336123
0.220088,-0.146360,0.156665,-0.681034,-0.037902,0.329015,-0.181813,-0.166642,-0.246905,0.053157,0.219513,-0.313417,0.446164,-0.230663,-0.367237,-0.264674,-0.105788,-0.612805,0.362478,0.129236,0.135736,0.484895,0.238528,0.108692,-0.084595,-0.046254,-0.051537,0.175759,0.484558,0.207046,0.043994,0.073331,0.217048,0.158990,0.123096,0.244185,0.322848,0.191377,0.378034,0.062838
0.166489,0.028473,0.416782,-0.686852,-0.107067,0.400362,-0.450214,-0.183289,-0.113502,-0.061640,0.220869,-0.309958,0.760095,-0.402939,-0.170421,-0.331434,-0.290309,-0.483274,0.527841,-0.194481,-0.001382,0.364817,0.132991,-0.113247,0.047874,0.114735,-0.044907,-0.023166,0.157645,0.193736,0.239771,0.133720,0.252258,0.577573,0.437036,0.399396,0.248205,0.143083,0.326536,0.360724
0.116227,-0.079693,0.143900,-0.710281,0.168316,0.412343,-0.365383,-0.007481,-0.130201,0.050977,-0.042914,-0.247730,0.487153,-0.119996,-0.260761,-0.143700,-0.087063,-0.294023,0.193727,-0.059960,0.066502,0.333781,0.177079,0.037380,0.157451,0.202230,-0.155289,0.320755,0.072468,0.142238,0.162164,0.046357,0.256120,0.289436,0.417664,0.196972,0.215391,0.167873,0.139889,0.160883
0.032840,-0.080491,0.281045,-0.343877,0.015290,0.351596,-0.411179,0.044846,-0.045818,0.032823,-0.015080,-0.419327,0.287725,-0.122849,-0.149350,-0.073245,-0.213160,-0.348805,0.277880,-0.044467,0.130540,0.194449,0.069887,0.198678,0.250046,0.142125,0.071422,0.178322,0.228887,0.065980,0.214558,-0.115482,0.114735,0.321834,0.310103,0.196567,0.342756,0.153257,0.299453,0.013951
0.227934,0.057198,0.444768,-0.379364,0.012102,0.348416,-0.293852,0.097099,0.103287,0.151709,0.197805,-0.503853,0.273376,-0.170935,-0.260882,-0.140937,-0.057610,-0.578233,0.226515,0.052213,0.295400,0.205447,0.180457,0.124908,0.208532,0.102266,-0.016788,0.163638,0.246417,0.281474,0.008013,-0.034343,0.072206,0.235281,0.314136,0.217485,0.178168,-0.010329,0.015304,0.067366
-0.186306,-0.027125,0.325742,-0.714345,-0.028916,0.262520,-0.391590,-0.081887,-0.141535,-0.005103,-0.130151,-0.449753,0.371048,-0.225255,-0.213331,-0.168892,-0.061451,-0.539382,0.302826,-0.101331,0.155054,0.281004,0.111320,0.077099,0.275905,0.275072,0.016847,0.021642,0.227567,0.044471,0.370998,0.004943,0.229360,0.288144,0.287789,0.369609,0.409566,0.176342,0.238649,0.096668
-0.009285,0.006850,0.185820,-0.537897,-0.090743,0.271379,-0.274876,0.023811,-0.199011,0.038539,0.132292,-0.368429,0.288954,-0.152167,-0.258180,-0.100090,-0.095050,-0.287616,0.383187,-0.087673,0.014633,0.314494,0.153051,0.005273,0.066080,0.212256,0.052427,0.244038,0.253155,0.029215,0.141562,-0.043251,0.191146,0.249410,0.127365,0.208899,0.376997,0.281480,0.182233,0.154755
0.157592,-0.144325,0.428038,-0.931931,-0.197676,0.709156,-0.444656,-0.000509,-0.314358,-0.313913,0.277937,-0.772490,0.635213,-0.711077,-0.510902,-0.561070,-0.120698,-0.767260,0.340539,-0.202209,0.139660,0.616539,0.376977,0.260996,-0.178487,0.114683,-0.408489,-0.000561,0.616375,-0.032502,0.122732,0.186865,0.019974,0.378736,0.356702,0.457009,0.139497,0.093897,0.732100,0.475230
0.135560,-0.168983,0.220417,-0.530327,-0.043303,0.416584,-0.242089,-0.019755,-0.370281,0.106223,0.145559,-0.190341,0.201719,-0.306876,-0.455170,-0.278478,-0.194203,-0.366070,0.173713,0.090962,0.181385,0.269881,0.278946,0.266849,0.008766,-0.033367,0.106460,0.197878,0.310315,0.203299,-0.082754,0.207445,0.290530,0.357952,0.345123,0.202860,0.208312,0.077760,0.232501,0.068065
0.371510,0.198652,0.101718,-1.349313,-0.073375,0.881985,-0.936712,-0.209430,-0.516451,0.461552,0.195607,-0.994122,1.253191,-0.041015,-0.324000,-0.456309,-0.832904,-1.490292,0.518754,-0.378168,0.398530,0.859348,0.104683,0.235273,0.171864,0.463475,-0.034171,0.157511,0.662945,0.422388,0.641138,-0.095250,0.398404,0.624214,0.779961,-0.031959,0.896551,0.572621,1.312898,-0.252521
0.102057,-0.131163,0.219772,-0.533891,0.094377,0.509946,-0.488646,-0.083374,-0.008659,-0.028579,0.169335,-0.657615,0.510344,-0.203900,-0.139214,-0.154434,-0.123271,-0.427354,0.210375,-0.030223,0.203307,0.223685,-0.093855,0.179591,0.296031,0.106239,-0.109130,0.109854,0.109651,0.100884,0.069452,-0.080164,0.302820,0.258589,0.303987,0.185038,0.329997,0.306713,0.329061,-0.016443
0.170113,-0.107544,0.192668,-0.611313,-0.136849,0.557201,-0.336365,-0.310038,-0.295337,0.076655,0.134045,-0.602369,0.462907,-0.174782,-0.398121,-0.341004,-0.242192,-0.622210,0.364677,0.024784,0.148131,0.618221,0.175900,0.163423,0.140455,0.136017,-0.116943,0.002864,0.306775,0.188471,0.093771,0.068524,0.214328,0.075186,0.206772,0.253372,0.227747,0.210947,0.445146,0.171981
0.108434,-0.139871,0.437022,-0.501220,0.230148,0.651574,-0.426227,-0.072175,-0.037293,0.104754,0.045146,-0.783139,0.801476,-0.322425,-0.421751,-0.287138,-0.231155,-0.489480,0.115094,0.052397,0.302644,0.312414,-0.060100,0.115061,0.358679,0.018696,-0.147322,0.151889,0.224218,0.218900,0.142633,-0.172376,0.506897,0.238034,0.367615,0.188686,0.321270,0.267660,0.291057,0.067269
-0.051484,0.021762,0.232846,-0.815640,0.048033,0.798381,-0.501044,-0.207695,-0.132438,-0.105651,0.296939,-0.641106,0.659844,-0.502056,-0.343265,-0.284023,-0.092648,-0.944815,0.285022,-0.102715,0.299342,0.274657,0.416216,0.317945,0.285251,0.401090,-0.271139,0.163302,0.400791,0.253236,0.215792,0.058336,0.268513,0.162926,0.737158,0.600972,0.313354,0.307358,0.633375,0.205417
0.098717,-0.124647,0.316445,-0.323196,-0.056320,0.362759,-0.101305,-0.057600,-0.028584,0.109396,0.135553,-0.363759,0.395705,-0.221889,-0.145160,-0.127169,-0.100893,-0.516941,0.284592,-0.045190,0.085926,0.348160,-0.018676,0.052885,0.234459,0.119628,-0.026191,0.257847,0.265221,0.136255,0.112418,-0.055144,0.177600,0.142369,0.273984,0.297238,0.311193,0.286082,0.209645,0.127573
-0.240713,0.073270,0.228563,-0.794814,-0.212518,1.123762,-0.506544,-0.278017,0.003753,0.013554,-0.127803,-0.982973,0.733994,-0.134824,-0.492649,-0.467036,-0.158509,-0.630879,0.106605,-0.122451,0.070372,0.384670,0.350405,0.357085,0.307058,0.377200,-0.264763,0.241234,0.351271,0.067167,0.387020,-0.055647,0.044410,0.197894,0.562625,0.305129,0.291311,0.152631,0.482488,0.358359
0.006398,-0.026226,0.369023,-0.515344,0.248885,0.466874,-0.508075,-0.078721,0.017433,-0.002333,-0.166983,-0.500450,0.443755,-0.302686,-0.111904,-0.138315,-0.030850,-0.639370,0.216324,-0.069338,0.166480,0.319942,-0.042980,0.182339,0.487306,0.176109,-0.010615,0.313479,0.144668,0.105509,0.290365,-0.154844,0.252772,0.310125,0.560991,0.290145,0.370490,0.289417,0.352377,0.051665
0.058086,-0.141019,0.357532,-0.342163,0.013324,0.440682,-0.265733,-0.002620,-0.169284,0.172551,0.260421,-0.361060,0.168783,-0.164948,-0.274195,-0.069230,-0.184784,-0.354887,0.167549,0.175906,0.240799,0.095821,0.225161,0.199356,0.013443,-0.037167,-0.069739,-0.001694,0.273137,0.199737,0.092059,0.094725,0.281787,0.179013,0.096665,0.158638,0.276041,0.161927,0.207942,0.052143
0.173118,0.006664,0.184566,-0.504966,0.033971,0.259600,-0.175973,-0.089838,-0.062698,-0.054368,0.074765,-0.262157,0.363843,-0.319914,-0.219140,-0.077411,-0.115678,-0.447405,0.206811,-0.109893,-0.022153,0.378673,0.114826,0.106648,-0.045347,0.043389,-0.031452,0.168293,0.320131,0.214757,0.082630,-0.016816,0.330425,0.183595,0.243528,0.175615,0.332576,0.207919,0.260413,0.137766
0.038038,-0.012423,0.492068,-0.391380,-0.144162,0.575667,-0.320476,-0.141391,-0.094824,0.174812,0.004239,-0.745947,0.352651,-0.139679,-0.559958,-0.166014,-0.264125,-0.668408,0.337379,-0.016822,0.216123,0.409571,0.231425,0.252970,0.152023,0.123943,-0.039774,0.316454,0.222010,0.120671,-0.020631,-0.151652,-0.000993,0.232479,0.269370,0.256754,0.210193,0.112181,0.244383,0.154366
0.136886,-0.176595,0.447103,-0.492115,-0.152910,0.669058,-0.323343,-0.263881,-0.007221,0.072266,0.201422,-0.684176,0.557237,-0.216347,-0.449540,-0.230923,-0.226206,-0.735600,0.387647,0.005136,0.239314,0.346053,0.093237,0.186928,0.228461,0.179708,0.054466,0.222948,0.306868,0.220672,0.210859,-0.010440,0.176423,0.226228,0.419547,0.308705,0.218856,0.182088,0.253798,0.147993
-0.057366,0.007791,0.221209,-0.591189,-0.020037,0.374696,-0.354033,-0.021393,-0.042100,0.040525,0.071741,-0.459671,0.381259,-0.168589,-0.264323,-0.184169,-0.078728,-0.407110,0.277868,-0.054418,0.111045,0.258029,0.057216,0.019312,0.293657,0.151813,0.079783,0.203518,0.214398,0.124117,0.263999,-0.005167,0.168909,0.262889,0.386771,0.245603,0.293637,0.256376,0.234203,-0.015362
0.185656,0.134860,0.309988,-0.718261,0.008488,0.346592,-0.338286,-0.229062,-0.014293,-0.026578,0.037302,-0.346554,0.381968,-0.129290,-0.239090,-0.064734,-0.015792,-0.651081,0.199538,0.087849,0.205403,0.309867,0.186175,0.114072,0.145289,0.154962,0.033529,0.284130,0.243557,0.286778,0.135649,0.121794,0.234805,0.247667,0.419094,0.187581,0.186892,0.125921,0.323178,0.100491
0.235660,0.007555,0.131812,-0.503215,0.038029,0.328240,-0.290473,-0.085717,-0.326815,0.075354,0.194480,-0.322215,0.487768,-0.310818,-0.213969,-0.262818,-0.058601,-0.374451,0.305890,0.046213,0.060988,0.368956,0.125283,0.213961,-0.011904,0.155780,-0.020310,0.274508,0.361739,0.143447,-0.075985,0.206669,0.239175,0.124034,0.321981,0.222745,0.134993,0.214690,0.350842,0.186725
-0.056066,-0.127793,0.337393,-0.408508,-0.093699,0.370570,-0.337709,-0.158140,-0.105741,-0.095240,-0.002492,-0.346486,0.235499,-0.157365,-0.263065,-0.179246,-0.185341,-0.383627,0.318989,-0.004508,0.032317,0.178561,0.276759,0.072546,0.290044,0.114847,0.079974,0.081898,0.204914,0.110049,0.171888,0.011611,0.123568,0.372918,0.319136,0.258603,0.145156,0.056237,0.289728,0.107750
0.195176,0.000394,0.365456,-0.462723,0.019741,0.312365,-0.261793,-0.119021,0.011824,-0.011101,0.166702,-0.378288,0.220235,-0.138610,-0.220019,0.036652,-0.068755,-0.501221,0.253213,0.017999,0.177304,0.329305,0.149424,0.196670,0.074868,0.041214,0.007584,0.169789,0.351853,0.243333,0.008094,0.032241,0.212956,0.187002,0.270373,0.086761,0.207000,0.116612,0.220305,-0.033199
0.223248,0.072935,0.465372,-0.661602,0.229510,0.700087,-0.679139,-0.050451,-0.314289,0.239701,0.215434,-0.723307,0.751035,0.007156,-0.502201,-0.275943,-0.404484,-0.669876,0.209002,0.062932,0.183071,0.488484,0.210787,0.369571,0.078802,0.038836,-0.065759,0.377074,0.261795,0.406897,0.106510,-0.109741,0.079999,0.419649,0.260886,0.053461,0.240606,0.023059,0.451272,-0.121460
0.125608,-0.144001,0.241909,-0.291939,0.118054,0.433660,-0.395076,-0.121067,0.016276,0.037684,0.075866,-0.565666,0.478895,-0.269906,-0.189844,-0.116483,-0.111055,-0.433001,0.194705,-0.016058,0.124463,0.275617,-0.109236,0.189673,0.248804,0.172690,-0.102623,0.162521,0.086250,0.173864,0.040549,0.011347,0.243007,0.174293,0.275210,0.153786,0.354783,0.283075,0.246709,0.092690
-0.110666,-0.103088,0.205788,-0.643557,-0.026494,0.293085,-0.427778,-0.063386,-0.276342,0.108902,-0.029480,-0.415718,0.391731,-0.141286,-0.341227,-0.124802,-0.196976,-0.279004,0.261983,0.076012,0.075991,0.341084,0.137717,0.084079,0.170857,0.229184,-0.036404,0.168957,0.119141,0.037372,0.173328,-0.011059,0.284418,0.181319,0.122166,0.252182,0.381426,0.200918,0.208199,0.085109
0.159314,0.073615,0.154657,-0.363122,0.090040,0.341205,-0.305743,0.023305,-0.099181,0.078691,0.247738,-0.403731,0.361789,-0.246218,-0.109488,-0.030778,-0.070066,-0.294200,0.184046,-0.108027,0.048421,0.246671,-0.006959,0.129796,0.061330,0.083185,-0.017589,0.164151,0.188942,0.017866,-0.015477,0.077583,0.196434,0.325460,0.310913,0.055794,0.333382,0.259115,0.236851,0.142164
-0.220203,0.089946,0.321439,-0.710607,0.028801,0.369920,-0.493686,-0.045146,-0.313751,0.061395,-0.051818,-0.198132,0.380073,-0.250123,-0.158807,-0.188785,-0.185837,-0.380358,0.304548,-0.272186,-0.037475,0.312405,0.216914,-0.071255,0.230268,0.392249,0.037243,0.289055,0.282831,0.059191,0.270262,0.003079,0.115759,0.519156,0.380953,0.344877,0.352670,0.152719,0.395428,0.192694
0.078983,-0.161961,0.175248,-0.350734,0.037874,0.301558,-0.138893,-0.108088,-0.160798,0.085127,0.088595,-0.294213,0.262136,-0.039079,-0.350255,-0.112474,-0.116734,-0.390431,0.118040,0.149311,0.159036,0.208322,0.227547,0.143647,0.086732,-0.082639,0.054811,0.169309,0.273089,0.146356,0.044464,0.112905,0.180065,0.093699,0.075969,0.177187,0.277017,0.009030,0.256994,-0.027643
1.039401,0.621927,1.751002,-5.961987,-0.922728,2.208813,-3.064157,-0.625230,-1.972410,-1.014439,0.900894,-4.019592,4.963490,-1.849624,0.071725,-2.452647,-2.458380,-3.275005,0.963469,-1.847317,1.736457,1.296525,1.371198,1.619676,1.157755,1.559734,-1.059621,-0.475310,2.470015,-0.279319,-0.025774,0.373244,1.582889,2.179540,3.461341,2.076779,1.374306,0.980507,2.929401,1.480224
-0.019846,0.192287,0.473769,-0.770683,0.197676,0.616252,-1.003479,0.027576,-0.175018,0.058163,0.005204,-0.675047,0.661178,0.007474,-0.133847,0.056964,-0.004218,-0.542734,0.611672,-0.266753,0.088623,0.247586,0.195631,0.013376,0.578794,0.732505,0.165431,0.252476,0.401690,0.312085,0.356123,0.143270,0.228791,0.637324,0.885202,0.234136,0.608256,0.317747,0.665011,0.233763
0.092405,-0.111729,0.196640,-0.234692,0.033852,0.359222,-0.255912,-0.075712,-0.058031,0.107898,0.105127,-0.378765,0.276172,-0.115085,-0.219160,-0.089047,-0.212850,-0.308595,0.137237,-0.021629,0.022079,0.214732,0.057298,0.113191,0.110532,0.042670,-0.112686,0.200214,0.114746,0.092488,0.010811,0.033017,0.045722,0.184319,0.132893,0.039912,0.317410,0.164437,0.224014,0.110432
0.188227,-0.070920,0.397567,-0.472456,0.132546,0.466077,-0.222267,-0.184523,-0.010925,0.156296,0.439185,-0.524712,0.635062,-0.453252,-0.405107,-0.364853,-0.209515,-0.639183,0.376547,0.084888,0.190765,0.181043,0.187010,0.067185,0.166670,-0.073860,-0.013705,0.120442,0.248910,0.191850,0.210186,0.243813,0.329534,0.267851,0.379308,0.350647,0.436107,0.326267,0.362487,0.193659
0.129070,0.091296,0.416211,-0.550331,0.159612,0.836660,-0.613834,-0.020026,-0.232773,0.142163,0.289139,-0.845386,1.052058,-0.165468,-0.412518,-0.238410,-0.317858,-0.990096,0.458564,-0.094039,0.314223,0.382229,0.270371,0.340945,0.364942,0.168645,0.169078,0.108459,0.373901,0.433294,0.304706,-0.209213,0.428131,0.273294,0.541205,0.371941,0.528327,0.133015,0.468091,-0.028602
0.089409,-0.096642,0.208551,-0.248476,0.153666,0.317772,-0.262601,-0.125233,-0.121417,0.018506,0.055445,-0.415471,0.317871,-0.191131,-0.216107,-0.067944,-0.092991,-0.242324,0.217012,-0.020414,-0.010126,0.217904,-0.017534,0.082467,0.156784,0.096459,-0.036814,0.106332,0.077317,0.163949,-0.107320,0.022890,0.125302,0.150285,0.166648,0.083991,0.214344,0.235393,0.275024,0.072567
0.059308,0.000106,0.136207,-0.345894,0.100695,0.345945,-0.306554,0.017282,-0.151545,-0.012634,0.135764,-0.353085,0.320946,-0.193329,-0.163541,-0.104221,-0.019384,-0.220427,0.176344,0.012739,0.015089,0.293929,0.068512,0.174200,0.134168,0.180986,0.006368,0.215351,0.160132,0.007300,0.063673,0.099598,0.196542,0.177884,0.140848,0.106847,0.322868,0.153395,0.278432,0.117410
0.041929,-0.072352,0.299165,-0.469444,0.136684,0.442315,-0.321999,-0.025266,-0.063604,0.108321,0.061447,-0.442016,0.509195,-0.307024,-0.301711,-0.215647,-0.170564,-0.390829,0.166137,0.138432,0.253412,0.235246,0.007122,0.176712,0.274523,0.166616,0.086760,0.110979,0.156973,0.031595,0.309994,0.042943,0.487309,0.248271,0.349999,0.217685,0.393068,0.177988,0.238427,0.074383
-0.053393,-0.100738,0.290770,-0.819951,0.063839,0.081591,-0.373306,-0.068188,-0.148172,-0.017948,-0.063411,-0.349949,0.374141,-0.323199,-0.314980,-0.239207,-0.158312,-0.565542,0.297273,0.053471,0.240119,0.298982,0.309077,0.060239,0.270708,0.151053,-0.052308,0.094425,0.127861,0.120344,0.306024,0.011408,0.242533,0.364585,0.259652,0.378435,0.317065,0.025733,0.173535,0.121819
-0.005666,-0.130941,0.205111,-0.397372,-0.030380,0.327257,-0.307215,-0.071555,-0.083288,-0.047216,-0.004685,-0.398526,0.281657,-0.110725,-0.234714,-0.091732,-0.232738,-0.360202,0.145083,-0.006567,0.189168,0.195201,0.175642,0.183925,0.182608,0.070087,-0.045683,0.064163,0.185893,0.115354,0.114328,0.018220,0.148358,0.242298,0.159507,0.121558,0.362011,0.068860,0.279959,0.027359
0.109659,-0.132861,0.207479,-0.269373,0.033854,0.310960,-0.187620,-0.063488,-0.064629,0.069513,0.108465,-0.336904,0.329000,-0.095475,-0.261794,-0.098006,-0.127420,-0.338952,0.109523,0.079489,0.167536,0.165788,0.084357,0.094012,0.124906,-0.009694,0.007007,0.121631,0.184442,0.116393,0.059922,0.028051,0.232537,0.102822,0.122548,0.111247,0.238720,0.105947,0.211218,0.028119
0.286908,-0.127449,0.739462,-1.118131,0.111520,0.585568,-0.324832,-0.271477,-0.105551,0.104265,0.149271,-0.455732,0.694830,-0.652914,-0.608981,-0.251788,-0.405452,-1.454743,0.368198,-0.147537,0.185027,0.526026,-0.012575,0.290933,-0.051399,0.168728,0.288539,0.317197,0.322383,0.231192,0.093261,-0.014640,0.337496,0.317541,0.247136,0.592660,0.463769,0.195016,0.401056,0.220231
0.329322,-0.114965,0.175578,-0.424179,0.034723,0.115310,-0.155922,-0.229585,-0.229219,0.131154,0.050358,-0.150186,0.248515,-0.128475,-0.426129,-0.184085,0.048844,-0.467178,0.176355,0.114822,0.203795,0.273670,0.274853,0.088482,0.097587,0.098983,-0.031982,0.169694,0.281829,0.216170,0.057246,0.128257,0.102309,0.128274,0.304368,0.201489,0.161204,0.116419,0.131213,0.087675
0.191701,-0.110235,0.163274,-0.568556,0.043179,0.197777,-0.234699,-0.124341,-0.233965,0.046132,0.052887,-0.351076,0.365052,-0.225493,-0.402903,-0.188040,-0.066202,-0.434930,0.242102,0.074257,0.233529,0.323211,0.166829,0.082373,0.064318,0.044672,0.044393,0.201783,0.242193,0.142827,0.151925,-0.016752,0.302848,0.216008,0.313099,0.311132,0.230786,0.186080,0.291223,0.048033
-0.075809,0.007069,0.211217,-0.507074,-0.062471,0.544772,-0.476526,-0.171936,-0.171435,0.094461,0.293568,-0.622894,0.615511,-0.258652,-0.504080,-0.325218,-0.176333,-0.576041,0.381934,-0.064123,0.109738,0.414077,0.419635,-0.006016,0.064417,0.050488,-0.036031,0.190716,0.219624,0.186768,0.202392,-0.027720,0.081039,0.357729,0.331050,0.395661,0.175605,0.099543,0.344140,0.214241
-0.012627,-0.069664,0.248917,-0.830055,-0.033831,0.457374,-0.430820,-0.188341,-0.158086,-0.023861,0.250180,-0.667684,0.636837,-0.313854,-0.314912,-0.282612,-0.161340,-0.481121,0.334749,-0.151763,0.154635,0.221443,0.048236,0.180233,0.118089,0.157714,-0.046207,-0.013716,0.035099,0.182157,0.111573,0.075704,0.213463,0.355965,0.267301,0.330080,0.237910,0.194923,0.344219,0.036941
0.152243,-0.121227,0.264963,-0.481111,-0.052912,0.290099,-0.268788,0.006058,-0.005244,-0.076536,0.143469,-0.433065,0.596683,-0.180546,-0.066537,-0.116738,-0.037573,-0.544568,0.191235,-0.065047,0.083645,0.194273,-0.118644,0.122082,0.196984,0.181320,-0.011566,-0.027035,0.253150,-0.047738,0.205281,0.084801,0.310235,0.245886,0.349251,0.190304,0.326028,0.212608,0.253106,0.052947
0.032457,0.007274,0.087045,-0.679326,-0.121340,0.342242,-0.372208,-0.037189,-0.149056,-0.003406,0.133721,-0.494649,0.468057,-0.165202,-0.260993,-0.165539,-0.109614,-0.268729,0.269117,-0.074162,0.080037,0.259647,-0.048595,0.259458,0.044502,0.304745,-0.061410,0.024650,0.241492,-0.065313,0.166342,0.136187,0.185249,0.270258,0.209547,0.094706,0.318982,0.287383,0.248845,0.105355
-0.017771,-0.304332,0.477684,-0.626008,-0.053405,0.365190,-0.267347,-0.075491,-0.023372,-0.011149,0.100964,-0.525499,0.356828,-0.304148,-0.292604,-0.138873,-0.254374,-0.706149,0.516738,0.053050,0.277863,0.313942,0.438883,0.050499,0.496345,0.096933,0.150694,0.132301,0.333267,0.117346,0.160124,0.038091,0.155632,0.335359,0.209198,0.378903,0.309252,0.073221,0.295822,0.096322
-0.053389,-0.099608,0.362412,-0.526343,0.077396,0.808312,-0.422242,-0.211416,-0.190765,0.099524,-0.152715,-0.774649,0.681473,-0.091065,-0.651550,-0.223680,-0.298694,-0.629604,0.078205,0.096089,0.348250,0.393048,0.040945,0.186823,0.094273,0.038996,-0.105450,0.330618,0.247429,0.070801,0.154741,-0.255509,0.302815,0.212958,0.331610,0.291163,0.419426,0.263567,0.485736,0.115158
0.042896,0.158457,0.305478,-0.862503,0.077694,0.320096,-0.544800,-0.208597,-0.138736,0.073051,-0.078597,-0.375218,0.384161,-0.329972,-0.436535,-0.228249,-0.002616,-0.751723,0.381472,-0.211939,0.176402,0.494435,0.250005,0.237088,0.146950,0.454420,-0.020857,0.252426,0.149311,0.221694,0.172144,0.011792,0.151354,0.476760,0.447859,0.406845,0.188121,0.196802,0.374294,0.259410
0.172304,-0.220023,0.341302,-0.565479,0.081072,0.309950,-0.313374,-0.078494,-0.003834,0.019634,0.228017,-0.455375,0.513904,-0.277392,-0.299149,-0.287737,-0.101998,-0.490543,0.293844,0.067904,0.042629,0.275445,-0.027955,0.044367,0.268413,0.049740,0.090579,0.169929,0.153357,0.116095,0.168404,0.134939,0.308507,0.289008,0.343576,0.139432,0.397777,0.278551,0.284487,0.106359
0.479856,0.325921,0.435517,-0.729845,-0.166994,0.464031,-0.492231,-0.111274,0.087947,-0.010601,0.363298,-0.874321,0.780229,-0.113200,-0.365292,-0.214763,-0.133415,-0.913389,0.402147,0.230447,0.493401,0.439726,0.237421,0.205589,0.193535,0.219117,0.033383,0.082323,0.472867,0.356586,0.011187,0.077078,0.210407,0.285317,0.505061,0.298494,0.127920,0.252665,0.452085,0.226813
0.121606,0.284029,0.250370,-0.737244,0.199085,0.668586,-0.770617,-0.154871,-0.360289,0.194730,0.152939,-0.780281,0.780442,0.134297,-0.259432,0.049007,-0.300238,-0.655105,0.465274,-0.171110,0.183089,0.491239,0.384161,0.157876,0.188537,0.411815,0.110680,0.261123,0.367857,0.363437,0.159396,0.196282,0.371634,0.508796,0.566497,0.085528,0.590730,0.229722,0.741529,-0.015678
0.026210,-0.148336,0.367992,-0.512241,0.036757,0.442390,-0.364903,-0.060053,-0.174818,0.079784,-0.097221,-0.321054,0.353485,-0.138948,-0.367385,-0.138639,-0.243767,-0.427798,0.097173,0.125781,0.211405,0.309941,0.149454,0.259350,0.205204,0.173328,0.017995,0.117309,0.258335,0.021228,0.205774,-0.017586,0.187245,0.267226,0.243603,0.131033,0.423836,0.045330,0.296784,-0.014385
-0.025708,-0.021801,0.074228,-0.718187,-0.027770,0.169026,-0.311121,-0.006221,-0.202989,0.017796,0.148445,-0.318966,0.304072,-0.155545,-0.438036,-0.177136,-0.106313,-0.310214,0.294301,0.132156,0.142992,0.301479,0.215561,0.079054,0.129652,0.099462,0.032645,0.258225,0.158484,0.125074,0.249171,0.112199,0.083787,0.346941,0.272218,0.253218,0.192923,0.165388,0.146467,-0.029979
0.048549,-0.088266,0.190432,-0.203292,0.077624,0.289071,-0.222535,-0.051169,-0.004893,0.025534,-0.016773,-0.337421,0.326959,-0.141355,-0.157723,-0.062051,-0.062544,-0.341977,0.174594,0.007398,0.088707,0.254282,-0.029505,0.140713,0.253678,0.127650,-0.045815,0.151249,0.131368,0.094013,0.091819,0.050964,0.164478,0.115861,0.179348,0.083925,0.300751,0.126040,0.178179,0.073702
0.029349,-0.111590,0.234563,-0.637703,-0.031167,0.453881,-0.287412,-0.186615,-0.180208,-0.005071,-0.006356,-0.432160,0.498157,-0.115008,-0.293492,-0.241993,-0.263569,-0.656019,0.183082,-0.045557,0.229860,0.093456,0.250249,-0.004478,0.288249,-0.139470,-0.075597,0.145464,0.191509,0.116447,0.247371,0.179324,0.124791,0.309647,0.452375,0.443785,0.302021,-0.078161,0.233993,0.120553
-0.057049,0.131274,0.246980,-0.554103,0.072417,0.364557,-0.595374,0.030482,-0.201156,0.096316,-0.050395,-0.507930,0.390057,-0.154751,-0.342970,-0.161686,-0.066902,-0.359125,0.382594,-0.126351,0.015952,0.332730,0.199157,0.174204,0.200952,0.259203,-0.035845,0.387057,0.180273,-0.076490,0.147783,-0.052082,0.089684,0.469517,0.310684,0.139111,0.430470,0.211164,0.373336,0.213863
0.209508,-0.000360,0.395280,-0.545151,0.125473,0.351382,-0.275807,-0.082949,-0.036381,0.009066,0.068230,-0.444035,0.416786,-0.326628,-0.277819,-0.210159,-0.056014,-0.631683,0.561003,-0.148074,0.041361,0.327762,0.266480,0.142620,0.276259,0.051248,-0.027581,0.258036,0.144947,0.134991,-0.228688,0.024542,0.178270,0.528514,0.457631,0.218143,0.193402,0.066391,0.270626,0.151662
0.154206,-0.063603,0.233322,-0.199254,0.091964,0.307688,-0.242267,-0.043685,0.026128,0.074164,0.092905,-0.356664,0.320508,-0.162736,-0.110768,-0.013991,-0.069202,-0.371440,0.099735,0.003081,0.135725,0.174351,-0.028786,0.131946,0.152482,0.073462,-0.032823,0.142547,0.171752,0.094950,0.019574,0.017077,0.173386,0.194412,0.259756,0.039192,0.322573,0.155709,0.166423,0.052965
0.098374,-0.029283,0.343550,-0.614011,0.000884,0.284680,-0.419111,-0.168045,-0.077597,0.010178,0.009808,-0.499911,0.269782,-0.245029,-0.300464,-0.168178,-0.006886,-0.536302,0.324888,-0.099441,0.249846,0.321745,0.091713,0.184169,0.306035,0.191809,0.013549,0.221271,0.193985,0.145757,0.166485,0.010053,0.147195,0.237290,0.376557,0.333828,0.246533,0.205537,0.243953,0.056130
0.126637,-0.020223,0.280507,-0.577766,0.111922,0.183007,-0.293601,-0.090202,-0.229049,-0.002857,0.005443,-0.200538,0.475999,-0.333230,-0.227693,-0.163058,0.004016,-0.469531,0.270019,-0.009451,0.131586,0.316585,-0.101735,0.208889,0.156285,0.243396,0.061634,0.184062,0.092341,-0.030340,0.214625,0.091951,0.294343,0.363948,0.509312,0.228711,0.274113,0.291786,0.214626,0.125476
0.257725,0.134195,0.193981,-0.788525,-0.208567,0.380182,-0.410590,-0.069151,-0.057288,0.118928,0.125300,-0.396636,0.543782,-0.376729,-0.328628,-0.339085,-0.001120,-0.451785,0.541242,-0.101948,0.272416,0.315318,0.313803,-0.038060,0.124051,0.309112,-0.121476,0.178375,0.344989,0.157508,0.249366,0.098602,0.169535,0.471800,0.478093,0.323132,0.184320,0.134573,0.311784,0.195291
-0.026458,0.004740,0.142530,-0.546938,0.053700,0.516852,-0.174782,-0.057290,-0.069038,0.030319,-0.024568,-0.554878,0.478359,-0.120057,-0.373778,-0.144165,-0.290772,-0.574147,0.325764,-0.013128,-0.005258,0.454026,0.191493,0.095227,0.068770,0.039800,-0.128720,0.263178,0.358781,0.289329,0.053756,-0.058025,0.322824,0.134575,0.217041,0.248769,0.464403,0.196437,0.395018,0.231750
0.435692,0.042302,0.331401,-0.621956,0.037893,0.458672,-0.312938,0.124830,-0.022837,0.229494,0.288017,-0.585690,0.510579,-0.499700,-0.203484,-0.207105,-0.028045,-0.857063,0.289741,-0.055974,0.359930,0.225957,-0.108419,0.331006,0.323601,0.168575,0.038484,0.086647,0.279521,0.176432,0.168570,0.017193,0.395032,0.245561,0.312454,0.261392,0.397051,0.060892,0.158267,0.071822
0.169281,-0.157937,0.204256,-0.366701,-0.004758,0.267616,-0.314499,-0.091655,-0.151274,0.092164,0.080325,-0.436464,0.332071,-0.168880,-0.312427,-0.050778,-0.036695,-0.458228,0.043254,0.125028,0.241073,0.204062,0.204008,0.195898,0.129556,0.135560,-0.046898,0.007207,0.221202,0.172850,0.043829,0.105702,0.245838,0.179665,0.207027,0.090552,0.353928,0.115310,0.273151,-0.012284
0.117215,-0.013967,0.117854,-0.326599,0.044229,0.143760,-0.142718,-0.066580,-0.168368,-0.003517,0.103629,-0.205340,0.291975,-0.118571,-0.191769,-0.167238,-0.025364,-0.269058,0.173480,0.042630,0.010947,0.229603,0.073730,0.010041,0.082618,0.006619,-0.051493,0.120793,0.206381,0.172817,-0.006892,0.030973,0.090431,0.126642,0.121824,0.114880,0.242959,0.123573,0.144964,0.122146
0.144782,-0.048080,0.121284,-0.487893,0.049761,0.273858,-0.174313,-0.064218,-0.161947,0.045786,-0.001980,-0.244134,0.431521,-0.169735,-0.194048,-0.173748,0.021416,-0.457517,0.307301,0.035109,0.018298,0.355551,0.094100,0.125982,0.165411,0.141237,-0.102977,0.176460,0.308138,0.092804,0.152259,0.137538,0.245919,0.119759,0.226493,0.198728,0.350958,0.184471,0.181011,0.158356
0.095172,-0.068294,0.266939,-0.407235,-0.028495,0.373581,-0.152923,-0.120633,-0.033612,0.094138,0.030161,-0.418158,0.401502,-0.215456,-0.185021,-0.118844,-0.120348,-0.538310,0.219642,-0.014261,0.142623,0.257384,0.016438,0.102427,0.249762,0.062233,-0.019928,0.212846,0.242569,0.204447,0.087070,-0.037350,0.211802,0.061995,0.283623,0.270934,0.268734,0.217600,0.216801,0.105312
0.073044,-0.054305,0.103121,-0.353747,-0.002852,0.362885,-0.234235,-0.018468,-0.170590,0.076556,0.161694,-0.323675,0.251842,-0.137324,-0.236323,-0.092514,-0.123926,-0.270731,0.163721,0.061694,0.055829,0.262696,0.142082,0.156603,0.040401,0.062475,-0.046023,0.200031,0.196744,0.051138,0.000114,0.127530,0.100811,0.196931,0.110803,0.054271,0.294233,0.097934,0.238831,0.053795
-0.000605,0.145987,0.232213,-0.809968,0.147539,0.370908,-0.369387,-0.122780,-0.122304,-0.044954,-0.127546,-0.278757,0.518979,-0.411695,-0.237259,-0.123351,-0.032098,-0.619492,0.123716,-0.142424,0.197362,0.369957,0.043229,0.105426,0.117826,0.189246,0.033097,0.303530,0.139340,0.165236,0.245558,-0.055716,0.435288,0.367626,0.456432,0.334963,0.330385,0.324691,0.191050,0.166605
0.250523,-0.020622,0.206989,-0.555168,-0.082344,0.333200,-0.322055,0.046738,-0.221786,0.141956,0.164623,-0.390942,0.297332,-0.256161,-0.390382,-0.036116,-0.059142,-0.484122,0.095334,0.100194,0.247909,0.316688,0.262765,0.303531,-0.008445,0.145978,0.049986,0.086348,0.355637,0.163801,0.031539,0.195717,0.253489,0.241102,0.293472,0.107066,0.313142,0.103195,0.248704,-0.006970
0.169146,-0.031089,0.219933,-0.266711,0.116025,0.298583,-0.225641,-0.151205,-0.136127,0.058856,0.048116,-0.311103,0.295174,-0.119912,-0.222399,-0.013979,-0.072886,-0.283488,0.203542,-0.006734,-0.031157,0.154771,0.065446,0.052879,0.075394,0.002428,-0.002330,0.209804,0.092383,0.126149,-0.163312,0.084469,0.073272,0.244324,0.237898,0.041118,0.192273,0.225214,0.208982,0.074102
0.165727,0.102358,0.617698,-0.797876,0.053755,0.897717,-1.012542,-0.001593,-0.339140,0.591649,-0.002641,-1.087484,0.983053,0.057141,-0.462880,-0.035664,-0.424549,-0.925213,0.575975,0.072443,0.430419,0.331921,0.159758,0.445105,0.588629,0.432622,0.243398,0.097263,0.312155,0.326226,0.365170,-0.179268,0.338600,0.544441,0.311166,0.234730,0.672574,-0.016672,0.618633,-0.178164
0.010543,-0.070792,0.132887,-0.445414,0.077625,0.227018,-0.193799,-0.039352,-0.104079,-0.034649,-0.019620,-0.163604,0.176716,-0.076668,-0.321724,-0.082431,-0.165904,-0.290805,0.273525,0.041413,0.014130,0.244594,0.292022,0.035599,0.152598,-0.021204,-0.003790,0.309679,0.198932,0.118919,0.049558,0.096770,0.108557,0.302202,0.150241,0.172287,0.292342,0.028398,0.196980,0.060492
-0.028070,0.057792,0.188425,-0.804323,-0.144487,0.944771,-0.619666,-0.258661,-0.150472,0.173109,-0.047932,-1.012556,0.597726,-0.156420,-0.614171,-0.280894,-0.106239,-0.897620,0.495085,-0.182987,0.040444,0.468190,0.356337,0.192923,0.225816,0.595330,-0.143767,0.273050,0.162961,0.184328,0.292163,0.013882,0.126010,0.354597,0.497264,0.540820,0.448023,0.328133,0.677881,0.132205
0.326604,-0.015617,0.212154,-0.828511,-0.136835,0.695947,-0.791425,-0.311585,-0.073131,0.090007,0.070906,-0.706164,0.221915,-0.104267,-0.487976,-0.211100,0.017031,-0.648692,0.399001,0.050851,0.253823,0.423571,0.325391,0.338437,0.096450,0.362914,-0.016044,0.200414,0.262956,0.153913,0.180756,0.169638,0.185698,0.459774,0.403393,0.332978,0.310071,0.239359,0.400101,0.188394
0.112885,0.082998,0.193837,-0.472055,0.122203,0.275184,-0.305437,-0.018566,-0.040092,0.014292,0.109196,-0.328106,0.279202,-0.188126,-0.183700,-0.174052,-0.142866,-0.354101,0.203470,-0.152205,0.085436,0.201731,0.088264,0.156771,0.244155,0.030412,-0.013411,0.087467,0.045283,0.125768,-0.015394,-0.058529,0.176208,0.230835,0.314596,0.101100,0.278120,0.101145,0.280543,0.106327
-0.085793,0.113772,0.363767,-0.525295,0.119488,0.361090,-0.548105,-0.052630,-0.146962,-0.044307,0.093743,-0.597870,0.494943,-0.331888,-0.326851,-0.256139,-0.138976,-0.404507,0.321130,-0.047611,0.020334,0.315170,0.201493,0.163159,0.294391,0.176051,-0.048843,0.155030,0.089721,0.225634,0.128357,0.015677,0.162600,0.357785,0.386941,0.135885,0.300374,0.065050,0.353243,0.243557
0.102457,-0.043181,0.368028,-0.609654,0.022266,0.447285,-0.526879,-0.039456,-0.211420,0.054476,0.233718,-0.561939,0.438215,-0.294140,-0.339697,-0.162818,-0.274830,-0.450952,0.351029,0.050731,0.260789,0.308107,0.200181,0.198280,0.285489,0.056536,-0.095944,0.204626,0.196334,0.106414,0.084605,0.013403,0.264669,0.367860,0.290948,0.204794,0.435927,0.164309,0.273193,0.109839
-0.008962,0.060609,0.172473,-0.760748,0.079001,0.691830,-0.248012,-0.101845,-0.111810,-0.047471,-0.083353,-0.351113,0.509754,-0.247751,-0.292806,-0.368998,-0.168778,-0.789975,0.166399,-0.130036,0.373004,0.152874,0.266730,0.291188,0.389575,0.212437,-0.113049,0.461157,0.442115,0.134213,0.370004,0.123600,0.311209,0.147872,0.829400,0.448746,0.419048,0.103293,0.302029,0.045702
-0.046728,0.101688,0.188480,-0.875125,0.214810,0.447450,-0.448637,-0.045299,-0.171591,0.000515,-0.039977,-0.461991,0.372102,-0.178737,-0.272032,-0.170102,-0.326492,-0.472023,0.200362,-0.099141,0.240544,0.330666,0.202285,0.282604,0.203550,-0.060163,0.099257,0.184765,0.190173,0.216973,0.113106,-0.106956,0.261691,0.361020,0.222640,0.209255,0.563533,0.124872,0.409543,0.078815
-0.017488,-0.180374,0.395577,-0.708258,-0.114520,0.697921,-0.695001,-0.266365,0.065113,-0.142436,0.040390,-0.630249,0.650427,-0.244108,-0.115260,-0.369395,-0.175817,-0.665375,0.237349,-0.148096,0.037049,0.350935,-0.050263,0.117249,0.398192,0.370381,-0.051463,0.153833,0.211521,0.146426,0.456645,0.096640,0.215417,0.459018,0.587219,0.273150,0.277905,0.185107,0.288350,0.101611
0.028132,-0.120601,0.246392,-0.312180,0.009979,0.404100,-0.223124,-0.035333,0.005923,0.068244,0.086804,-0.465296,0.391313,-0.212556,-0.171495,-0.117898,-0.148551,-0.469756,0.266241,0.037770,0.124122,0.291365,0.009087,0.127884,0.263281,0.090274,-0.030307,0.140150,0.187231,0.142694,0.085122,0.030193,0.208459,0.120321,0.208357,0.146551,0.363597,0.178674,0.208246,0.128522
0.154045,-0.033289,0.208344,-0.614496,-0.097447,0.548223,-0.222774,-0.035999,-0.040235,0.019460,0.386297,-0.614563,0.581427,-0.316491,-0.388023,-0.274678,-0.247238,-0.711991,0.456714,-0.082647,0.160888,0.419063,0.109744,0.148920,0.086065,0.099661,0.064277,0.075055,0.371735,0.178615,0.043397,-0.051416,0.270436,0.307821,0.304866,0.279034,0.367413,0.222505,0.386851,0.158498
0.247059,-0.002626,0.294657,-0.737048,-0.092806,0.276000,-0.423101,-0.186532,-0.168710,0.054717,0.303087,-0.339023,0.663707,-0.477537,-0.272209,-0.407997,-0.099322,-0.656286,0.312815,-0.064257,0.299617,0.287587,0.313930,0.090878,-0.054019,-0.022737,-0.040551,0.150708,0.177683,0.227628,0.163133,0.146394,0.125555,0.411402,0.412214,0.380917,0.067347,0.070080,0.402650,0.209380
0.105907,0.018471,0.133398,-0.281085,0.081704,0.250696,-0.155574,-0.048452,-0.099258,0.038060,0.043323,-0.231055,0.285781,-0.048458,-0.192993,-0.039691,-0.015117,-0.288314,0.180409,0.054974,0.020049,0.242969,0.049368,0.086775,0.105626,0.063594,-0.056749,0.270461,0.198323,0.079790,0.026614,0.134574,0.131934,0.171251,0.209977,0.059295,0.283277,0.129305,0.157512,0.065359
0.109501,0.147533,0.198795,-0.672372,-0.096679,0.610025,-0.296903,-0.131315,0.014451,0.064652,0.057215,-0.608934,0.302275,-0.069810,-0.234856,-0.107131,-0.093916,-0.728651,0.316579,-0.326540,0.207040,0.385011,0.389178,0.234059,0.233443,0.324917,-0.089221,0.310537,0.416602,0.177803,0.129324,0.017967,-0.002868,0.301233,0.429332,0.265311,0.348742,0.163808,0.423293,0.107725
-0.040309,-0.032844,0.290218,-0.581879,0.090869,0.432209,-0.507940,0.019035,-0.171423,0.110535,-0.007518,-0.469870,0.533067,-0.280941,-0.320089,-0.156604,-0.109392,-0.329719,0.189765,0.026854,0.144849,0.288456,0.027115,0.234817,0.234144,0.315730,-0.039390,0.132815,0.244898,-0.071149,0.294459,-0.037445,0.306776,0.358573,0.282698,0.144968,0.493751,0.241811,0.355791,0.171532
0.181181,-0.057504,0.419250,-0.540444,-0.076885,0.556866,-0.365075,0.003814,-0.129079,0.025695,0.281896,-0.635261,0.480023,-0.270995,-0.410935,-0.235428,-0.024713,-0.621529,0.299166,-0.083636,0.101631,0.462915,0.229892,0.270514,0.073603,0.278049,-0.132506,0.058768,0.381725,0.150409,-0.150917,0.143936,0.097801,0.464395,0.326530,0.212988,0.219871,0.141170,0.458405,0.272872
0.111827,-0.054205,0.174717,-0.337818,0.093238,0.410066,-0.342235,-0.085874,-0.032753,0.054305,0.080111,-0.492403,0.430819,-0.216330,-0.200439,-0.119292,-0.151851,-0.374866,0.229737,-0.044395,0.085146,0.324156,-0.040449,0.132396,0.241541,0.151701,-0.049429,0.092931,0.097469,0.176547,-0.004655,0.005995,0.253959,0.124218,0.216163,0.103324,0.302344,0.248608,0.284012,0.073584
0.040641,0.002606,0.276014,-0.425403,-0.054619,0.353819,-0.406116,0.019660,-0.129403,0.112786,0.127486,-0.491087,0.281718,-0.170791,-0.229846,-0.118078,-0.158275,-0.371334,0.337857,-0.104007,0.122457,0.236485,0.149340,0.263265,0.113509,0.197159,-0.020472,0.138118,0.261621,0.051067,0.090560,-0.061827,0.103593,0.365557,0.207787,0.119070,0.370591,0.199180,0.294804,0.110884
0.026368,0.037244,0.279364,-0.499489,0.040239,0.531377,-0.626234,-0.010972,-0.034253,0.087302,0.129824,-0.570883,0.570654,-0.217846,-0.120871,-0.160177,-0.227456,-0.485196,0.349237,-0.239825,0.021405,0.278379,0.117358,0.107000,0.334638,0.320706,-0.076664,0.317640,0.040295,0.179436,0.282374,-0.117716,0.115089,0.338980,0.443328,0.108643,0.246493,0.320767,0.317739,0.232924
0.162032,-0.241369,0.376920,-0.366907,0.055823,0.281697,-0.301484,-0.192196,0.003414,0.051618,0.028937,-0.531229,0.438518,-0.228135,-0.161024,-0.083937,0.043753,-0.652723,0.120751,0.094567,0.250462,0.175352,0.059786,0.181009,0.312288,0.214113,-0.046423,0.038818,0.241524,0.144600,0.113824,0.020688,0.272811,0.136463,0.325638,0.126897,0.390019,0.131766,0.264725,0.036123
0.112915,0.060720,0.249181,-1.533548,-0.274893,0.705267,-0.654570,-0.356770,-0.318140,0.068584,0.218954,-0.497846,0.380315,-0.600553,-0.493004,-0.560575,-0.429093,-0.787966,0.409250,-0.395133,0.328065,0.548729,0.513798,0.350211,0.286453,-0.016882,-0.221119,0.192815,0.229026,0.269641,0.441080,0.060521,0.178354,0.664168,0.666881,0.372159,0.400362,0.002734,0.502285,0.276442
0.109734,-0.159926,0.211394,-0.402732,0.000564,0.271611,-0.167748,-0.126045,-0.141735,0.029674,0.137319,-0.358774,0.262849,-0.134269,-0.310152,-0.116307,-0.172975,-0.426026,0.167827,0.103420,0.159237,0.248918,0.212849,0.095988,0.057702,-0.099187,-0.016024,0.136157,0.281906,0.148486,0.068575,0.005384,0.163337,0.086704,0.063607,0.184686,0.265286,0.098896,0.271150,-0.041223
-0.005449,-0.080509,0.194894,-0.450500,0.181350,0.429895,-0.431814,-0.096155,-0.148062,0.079671,-0.136310,-0.392785,0.416470,-0.087232,-0.376170,-0.092121,-0.054010,-0.397618,0.251584,0.033029,0.129394,0.383565,0.013385,0.124136,0.326916,0.228215,-0.106282,0.309504,0.147341,0.053501,0.185513,0.082295,0.242423,0.191399,0.266281,0.151758,0.305205,0.202689,0.332063,0.086377
0.010709,-0.063197,0.197928,-0.278076,0.072960,0.298093,-0.228666,-0.058369,-0.028529,0.003131,-0.014899,-0.368752,0.348257,-0.170771,-0.157031,-0.100182,-0.044538,-0.370700,0.237951,0.013214,0.058757,0.302513,0.018220,0.137596,0.284409,0.142222,-0.042050,0.118343,0.157741,0.089851,0.114140,0.093638,0.215299,0.098040,0.148157,0.121826,0.322153,0.088035,0.194835,0.114177
-0.007675,0.058410,0.163520,-0.869570,0.123486,0.285553,-0.385962,-0.040377,-0.152367,-0.001180,-0.005620,-0.293034,0.399473,-0.221355,-0.310936,-0.156820,-0.097680,-0.394795,0.268591,0.061107,0.107898,0.353492,0.105152,0.076760,0.173986,0.089028,0.062822,0.257884,0.164799,0.110008,0.264695,0.086431,0.295454,0.416005,0.320853,0.311947,0.325000,0.223111,0.211655,0.078352
0.166178,-0.100515,0.147382,-0.523370,-0.002355,0.208039,-0.165415,-0.115119,-0.161476,0.080297,-0.008108,-0.254659,0.391432,-0.189875,-0.215021,-0.192443,-0.054892,-0.491778,0.236085,0.019269,0.054562,0.315151,0.141164,0.102436,0.123387,0.101026,-0.103062,0.058624,0.304672,0.123445,0.131312,0.044651,0.239557,0.135506,0.210551,0.169830,0.304112,0.161565,0.199899,0.109438
0.288101,-0.119584,0.468789,-0.590494,0.002034,0.426090,-0.171916,-0.306056,-0.055290,0.156812,-0.008440,-0.418208,0.431395,-0.046401,-0.327627,-0.130982,-0.029615,-0.775945,0.188697,0.071546,0.174722,0.226119,0.187142,0.192107,0.291569,0.084377,-0.020825,0.198643,0.325235,0.290972,0.149396,0.032703,0.197196,0.070725,0.310848,0.282186,0.240302,0.103087,0.308326,0.067669
0.064654,-0.130153,0.169268,-0.188681,0.157897,0.433409,-0.255633,-0.093040,-0.148434,-0.026410,0.053769,-0.274754,0.399261,-0.183160,-0.348318,-0.130631,-0.209805,-0.240154,0.076452,0.126181,0.103905,0.270524,-0.013518,0.020030,0.204751,0.080364,-0.072742,0.183763,0.087431,0.111807,0.156689,0.036118,0.177653,0.241205,0.309485,0.117236,0.208497,0.191841,0.218646,0.091502
0.084880,-0.116250,0.303267,-0.273935,0.068490,0.364362,-0.274124,-0.053062,-0.105767,0.063937,0.150722,-0.362856,0.324110,-0.153358,-0.250156,-0.200384,-0.206986,-0.325972,0.143433,-0.018122,0.041947,0.182369,0.029400,0.028727,0.161083,0.058660,-0.092084,0.103099,0.086399,0.149256,-0.017554,0.017156,0.021379,0.176836,0.132583,0.021915,0.327109,0.180150,0.209100,0.164351
0.006035,-0.178141,0.458503,-0.644436,-0.094812,0.651307,-0.297069,-0.210495,-0.096355,-0.066896,0.115744,-0.469764,0.717301,-0.244846,-0.308850,-0.384363,-0.127801,-0.727458,0.150982,-0.006319,0.152779,0.278745,0.207832,0.168280,0.120311,0.127041,-0.075813,0.077551,0.381061,0.031627,0.433165,0.141882,0.216225,0.104830,0.493189,0.448518,0.283133,0.177485,0.345058,0.286185
0.213813,0.021667,0.434241,-0.629798,0.070780,0.454494,-0.548892,-0.096517,-0.059302,0.037136,0.063989,-0.516363,0.371820,-0.208867,-0.259762,-0.086511,-0.193649,-0.525388,0.345630,0.106931,0.263887,0.211420,0.127553,0.158076,0.305052,0.046836,0.001022,0.231122,0.203070,0.203565,0.067485,0.089023,0.244647,0.404234,0.377044,0.175295,0.346215,0.148168,0.255455,0.020876
0.342358,-0.088526,0.581612,-0.340832,0.190744,0.466740,-0.335356,-0.107439,-0.146866,0.242694,0.089961,-0.682064,0.364385,-0.331917,-0.478590,-0.207745,-0.062878,-0.735655,0.244092,0.195089,0.357558,0.340860,0.049002,0.342016,0.230495,0.172934,-0.060926,-0.022655,0.233313,0.298853,-0.041920,0.129230,0.073108,0.274677,0.117290,0.108150,0.376078,-0.034124,0.218479,0.047763
0.033183,-0.168905,0.299579,-0.379972,0.085282,0.438825,-0.410193,-0.125553,0.039099,-0.001992,-0.108607,-0.600047,0.557736,-0.200893,-0.172770,-0.197590,0.039105,-0.502140,0.233461,0.013248,0.136532,0.308630,-0.153699,0.199501,0.383300,0.284213,-0.064651,0.158958,0.182697,0.074406,0.215947,-0.049693,0.268627,0.150441,0.303094,0.164367,0.276692,0.243325,0.202528,0.071750
0.111788,0.006760,0.131521,-0.654621,-0.011033,0.536573,-0.308058,-0.178769,-0.082344,0.025940,0.090510,-0.548863,0.812985,-0.062804,-0.339790,-0.282456,-0.279188,-0.468598,0.238008,-0.029232,0.127442,0.226554,-0.091616,0.169076,0.126953,0.123195,-0.102247,0.038436,0.176751,0.023270,0.090693,-0.050411,0.483076,0.190797,0.323063,0.253364,0.249976,0.315056,0.365823,0.140041
0.103616,0.002574,0.104235,-0.486771,0.034483,0.385432,-0.294276,-0.064892,-0.160666,0.027309,0.119586,-0.422869,0.399291,-0.067495,-0.280487,-0.165064,-0.232295,-0.333259,0.296148,0.002516,0.035223,0.390667,0.155775,0.025191,0.154527,0.044591,-0.093191,0.109441,0.220826,0.150957,-0.043414,0.015324,0.282530,0.159479,0.137758,0.091084,0.329229,0.240716,0.360070,0.087862
0.019127,-0.122733,0.116739,-0.568693,0.030704,0.288307,-0.144556,-0.156866,-0.158796,0.003796,0.051719,-0.245322,0.280795,-0.010992,-0.422694,-0.120655,-0.187714,-0.385649,0.299446,0.107427,0.044828,0.362386,0.321304,0.075994,0.135748,-0.035905,-0.070477,0.256827,0.324103,0.163157,0.084658,0.193466,0.062304,0.194188,0.055651,0.193406,0.337047,-0.045273,0.294180,0.093947
0.059576,-0.125399,0.366717,-0.376340,0.050866,0.536255,-0.377572,-0.107829,-0.280311,0.188825,0.085153,-0.347434,0.263044,-0.204918,-0.424467,-0.152707,-0.261608,-0.362601,0.216839,0.166892,0.086582,0.235478,0.113633,0.148399,0.180540,0.042731,0.030250,0.257054,0.190070,-0.010039,0.079873,0.044023,0.144030,0.226568,0.229442,0.085331,0.230450,0.137672,0.295777,0.068997
-0.021393,-0.209800,0.211894,-0.320104,-0.052894,0.450771,-0.289580,-0.118181,-0.106073,-0.062975,-0.028694,-0.279873,0.444255,-0.100267,-0.268929,-0.102082,-0.179738,-0.454564,0.138563,-0.034835,0.014475,0.288443,0.082367,0.154425,0.085165,0.097971,-0.219487,0.157585,0.195237,0.225848,0.157826,0.069290,0.157381,0.300405,0.283830,0.299177,0.404685,0.070170,0.139518,0.261143
0.588674,-0.190449,0.405322,-0.742256,0.142441,0.470426,-0.301243,-0.174207,-0.139537,0.284626,0.263143,-0.407354,0.578006,-0.452067,-0.316268,-0.387261,-0.110692,-0.647978,0.256047,0.029664,0.198942,0.399657,0.034583,0.106034,0.318092,0.127222,-0.023720,0.226363,0.113881,0.270001,0.136423,0.195853,0.389518,0.227962,0.210199,0.193637,0.387607,0.176845,0.126017,0.038519
0.124190,-0.063230,0.194943,-0.339595,0.051486,0.271298,-0.112043,0.054827,-0.102617,0.069044,0.109340,-0.224127,0.303608,-0.202448,-0.206079,-0.066556,-0.022480,-0.307149,0.172092,0.052583,0.127038,0.243079,0.037662,0.151762,0.028864,0.162907,0.001599,0.091304,0.298204,0.047675,0.065458,0.102264,0.192867,0.109407,0.163512,0.138625,0.292264,0.140511,0.212177,0.070020
0.143419,-0.293202,0.449266,-0.529472,0.041442,0.399097,-0.068331,-0.163982,-0.070682,0.116688,0.095872,-0.408316,0.305549,-0.179815,-0.432212,-0.110350,-0.073562,-0.724100,0.284665,0.185707,0.306959,0.289165,0.296827,0.170574,0.323271,0.091983,0.190988,0.110937,0.432037,0.113906,0.245297,0.123542,0.100036,0.191087,0.175164,0.362113,0.326028,-0.005081,0.316120,0.015937
0.271664,0.006056,0.079527,-0.570552,-0.050275,0.326692,-0.296603,-0.087193,-0.268868,0.027835,0.274329,-0.409603,0.403028,-0.247511,-0.286681,-0.185369,-0.143168,-0.417708,0.314056,0.038545,0.131401,0.428960,0.192317,0.104824,-0.062599,0.020550,-0.078647,0.159956,0.396890,0.141287,-0.014170,0.045555,0.248405,0.230628,0.249279,0.179726,0.233384,0.253361,0.326077,0.085174
0.228279,-0.009377,0.261177,-0.504295,0.265818,0.477365,-0.333502,0.071455,-0.146249,0.092606,-0.065459,-0.329564,0.451959,-0.391802,-0.117067,-0.185790,-0.096372,-0.540122,0.258430,-0.062526,0.203988,0.227102,0.062496,0.174631,0.230109,0.108565,-0.021070,0.289456,0.117685,0.239339,0.079651,-0.124276,0.199467,0.338732,0.497954,0.230038,0.276484,0.176009,0.095997,0.037053
0.216944,-0.092782,0.103963,-0.723437,-0.102698,0.271949,-0.325374,-0.182658,-0.215516,0.111256,0.242216,-0.398251,0.751992,-0.220834,-0.397390,-0.305786,-0.135826,-0.488145,0.238378,0.069322,0.244375,0.271522,0.158602,0.158237,-0.037408,0.207343,0.034516,0.131207,0.222155,0.178722,0.126261,0.149039,0.373667,0.330339,0.320529,0.310552,0.208822,0.217370,0.258197,0.157796
0.038523,-0.048583,0.227507,-0.385919,-0.086684,0.463887,-0.411333,-0.129294,-0.060745,0.062419,0.161609,-0.559579,0.419300,-0.082125,-0.265498,-0.150713,-0.312167,-0.398472,0.232793,-0.119196,0.094700,0.331624,0.065710,0.136130,0.172788,0.167018,-0.098305,0.052295,0.153971,0.112126,0.033675,-0.097736,0.128760,0.177569,0.176019,0.046223,0.350539,0.261183,0.416681,0.111445
0.154730,-0.206182,0.552981,-0.503149,0.048697,0.333012,-0.367758,0.005936,0.072368,0.034521,0.027539,-0.419911,0.424928,-0.252104,-0.269483,-0.104751,-0.302521,-0.597840,0.429961,-0.094136,0.153684,0.317741,0.243525,0.098153,0.356615,0.097286,0.008865,0.241810,0.302816,0.201693,-0.053036,0.067054,0.296105,0.494391,0.281516,0.186139,0.330529,0.095198,0.242413,0.147431
0.008366,-0.109248,0.149715,-0.795872,-0.130016,0.266233,-0.382928,-0.073589,-0.170715,0.043547,0.060060,-0.467036,0.611413,-0.244899,-0.375947,-0.242656,-0.036140,-0.348671,0.243366,-0.016149,0.123996,0.339477,-0.066628,0.252096,0.050433,0.411065,-0.104384,-0.026804,0.203673,-0.018551,0.210306,0.175480,0.305322,0.212704,0.181067,0.193262,0.337667,0.275858,0.247595,0.172339
0.234537,-0.031595,0.268417,-0.357776,0.126668,0.332775,-0.140133,-0.027278,-0.099029,0.079888,0.006460,-0.212268,0.339610,-0.080829,-0.255698,-0.061971,-0.015365,-0.407546,0.191923,0.036809,0.071288,0.245557,0.016075,0.086019,0.144476,0.112382,0.017404,0.272749,0.233712,0.038894,0.107947,0.127383,0.159429,0.245007,0.336265,0.111470,0.352882,0.163287,0.188003,0.061387
0.278557,0.015797,0.246176,-0.635395,0.154518,0.270223,-0.324776,-0.143998,-0.107864,-0.042932,0.142882,-0.297573,0.459747,-0.419865,-0.230702,-0.098355,-0.173116,-0.527716,0.146526,-0.071969,0.138801,0.306181,-0.075531,0.227447,0.072798,-0.023414,0.037332,0.189288,0.090724,0.193515,0.002803,0.071609,0.333116,0.322931,0.342608,0.090789,0.273950,0.106477,0.218902,0.157954
0.086125,-0.102398,0.213878,-0.573059,-0.014038,0.375851,-0.108255,-0.057801,-0.149741,0.026075,0.098588,-0.262984,0.430941,-0.206300,-0.288922,-0.222879,-0.005249,-0.520944,0.426511,0.075060,0.044441,0.425983,0.083704,0.062615,0.070043,0.156576,-0.069220,0.237510,0.423897,0.068277,0.153316,0.134416,0.193380,0.149031,0.141826,0.281779,0.393167,0.200081,0.288769,0.197960
0.425106,-0.320174,0.465501,-1.173992,0.242060,1.040099,-0.524660,-0.328030,-0.352998,0.307057,0.556870,-0.816492,1.508142,-0.532218,-0.570696,-0.226878,-0.460793,-1.423545,0.577780,-0.073564,0.167448,0.657172,0.182188,0.237273,0.157940,0.206434,0.126276,-0.112109,0.314639,0.183985,0.327953,0.159824,0.868773,0.729203,0.689049,0.366835,0.778598,0.331344,0.855447,0.003588
-0.124494,-0.125535,0.434379,-0.444306,0.093059,0.754851,-0.464441,-0.065246,-0.159260,0.021790,-0.098701,-0.669786,0.528997,-0.287845,-0.485327,-0.287286,-0.268766,-0.650679,0.345764,-0.032563,0.084091,0.301285,0.257308,0.248754,0.234170,0.175082,0.041992,0.187893,0.268180,0.228873,0.111521,-0.094966,0.035040,0.456053,0.435360,0.357815,0.337319,-0.000825,0.379093,0.307870
0.126451,-0.152332,0.218703,-0.872967,-0.046189,0.533717,-0.779834,-0.323636,-0.258074,0.034615,0.131175,-0.603565,0.542886,-0.208115,-0.433680,-0.457368,-0.005042,-0.575327,0.262652,-0.002586,0.228918,0.303111,0.094844,0.165638,0.139357,0.373769,0.034643,0.150380,0.157753,0.080008,0.311166,0.258987,0.203024,0.569443,0.515694,0.394258,0.200255,0.217312,0.369677,0.102307
0.072902,-0.061163,0.085377,-0.566191,-0.008663,0.231962,-0.127604,-0.103977,-0.176365,0.014887,0.117828,-0.270675,0.311433,-0.119659,-0.327172,-0.155562,-0.058950,-0.399439,0.406987,0.076561,0.000448,0.385616,0.181281,0.021440,-0.020486,0.020603,-0.072938,0.280389,0.393871,0.081986,0.046602,0.036998,0.124490,0.233739,0.102714,0.174772,0.282052,0.210431,0.228679,0.105945
0.205924,-0.047015,0.418639,-0.495261,-0.028431,0.522457,-0.417881,-0.132608,-0.082814,0.060047,0.095678,-0.700752,0.576788,-0.107106,-0.481505,-0.114460,-0.172420,-0.745767,0.141965,0.096287,0.275491,0.427640,0.173879,0.272860,0.026652,0.013301,0.099707,0.137749,0.320544,0.322313,-0.042421,0.086603,0.113687,0.226025,0.271911,0.214451,0.527101,0.167574,0.389561,0.301734
0.064377,0.011455,0.107452,-0.275522,0.073149,0.239839,-0.170519,-0.056830,-0.099554,0.009444,0.036451,-0.250272,0.280804,-0.055463,-0.192836,-0.038966,-0.041246,-0.277968,0.191121,0.039262,0.008866,0.263191,0.052032,0.096169,0.137529,0.070337,-0.069272,0.239522,0.198051,0.084964,0.032855,0.131510,0.149416,0.147039,0.169050,0.060867,0.276934,0.111188,0.174629,0.070386
-0.084502,-0.037463,0.237000,-0.504264,-0.109367,0.539189,-0.408461,-0.147830,-0.063769,0.110242,-0.005859,-0.624083,0.370818,-0.057716,-0.288257,-0.216681,-0.290881,-0.481547,0.229833,-0.014885,0.084716,0.325654,0.074716,0.103785,0.281625,0.154605,-0.048743,0.187914,0.167907,0.128414,0.174314,-0.076681,0.105889,0.042134,0.225567,0.106284,0.250714,0.188164,0.326534,0.021591
0.057408,0.027811,0.565202,-0.585839,-0.056083,0.476951,-0.481168,0.013388,0.122015,0.115273,0.107208,-0.781827,0.384864,-0.223317,-0.450118,-0.143678,-0.134783,-0.703282,0.280770,0.060470,0.356275,0.248773,0.306556,0.191602,0.414413,0.161559,0.014927,0.319582,0.239366,0.217939,0.185765,-0.196757,0.106471,0.260329,0.459300,0.476520,0.265382,0.057433,0.143176,0.012649
-0.041144,0.023397,0.166815,-0.552699,0.050394,0.627916,-0.689810,-0.079237,-0.235236,0.224196,-0.055070,-0.433480,0.618108,0.014241,-0.168929,-0.151377,-0.358507,-0.208165,0.163612,-0.063110,0.029428,0.277342,0.019119,-0.099089,0.452382,0.254847,0.020302,0.173161,0.080086,0.088791,0.341353,0.156742,0.172692,0.392037,0.555486,0.070506,0.423275,0.249530,0.653912,0.099689
0.101386,0.035018,0.501363,-0.698246,0.126394,0.683532,-0.837335,0.108891,-0.142704,0.205934,0.121306,-0.755696,0.907067,-0.103869,-0.462611,-0.225315,-0.268102,-0.856955,0.606392,-0.193828,0.150947,0.423427,0.494363,0.356169,0.409580,0.414845,0.006379,0.197335,0.168236,0.470403,0.320841,-0.064815,0.256808,0.469586,0.305130,0.329818,0.496178,-0.183182,0.507465,-0.047611
0.053678,-0.151287,0.418902,-0.973544,0.140017,0.542765,-0.413244,-0.054788,-0.206021,0.072614,-0.098874,-0.448530,0.262572,-0.236457,-0.648414,-0.198929,-0.236177,-0.866361,0.351958,0.056832,0.129766,0.555907,0.275913,0.192833,0.037940,0.039451,-0.036232,0.468540,0.243878,0.377680,-0.027755,-0.103482,0.149443,0.264481,0.189508,0.418745,0.541785,-0.029054,0.203527,0.267197
0.045693,-0.204747,0.269706,-0.590934,-0.139991,0.636412,-0.716066,-0.194038,0.024480,0.043881,0.085099,-0.712518,0.454383,-0.118099,-0.171244,-0.261920,-0.144098,-0.493462,0.294165,-0.074277,0.077100,0.341926,0.039881,0.232173,0.272224,0.365802,-0.091515,0.217362,0.172936,0.157618,0.198066,-0.028111,0.112971,0.260813,0.291262,0.179375,0.282320,0.306278,0.235007,0.081278
0.213779,-0.054978,0.271619,-0.799768,-0.002460,0.195112,-0.398671,-0.116498,-0.219978,0.050714,0.064728,-0.444134,0.481840,-0.229358,-0.484706,-0.211805,-0.010393,-0.513715,0.340528,0.024897,0.263045,0.434645,-0.004459,0.291677,0.087856,0.392190,0.018330,0.059816,0.268561,0.010394,0.127785,0.201011,0.281112,0.311092,0.303896,0.247766,0.316923,0.307808,0.203973,0.134881
0.064496,-0.109431,0.198848,-0.308032,-0.030269,0.297961,-0.078786,-0.008728,-0.049968,0.085065,0.074358,-0.304637,0.348082,-0.160902,-0.149213,-0.122809,-0.053651,-0.435221,0.300256,0.050134,0.103946,0.312207,0.005610,0.069820,0.187043,0.099889,-0.030474,0.191560,0.258003,0.081219,0.118892,0.032286,0.166530,0.106823,0.187378,0.202488,0.302789,0.197645,0.179576,0.123598
0.136719,-0.074089,0.424928,-0.688861,-0.104727,0.325180,-0.363230,-0.114551,-0.139860,0.040940,0.011132,-0.187582,0.554388,-0.289611,-0.134470,-0.143510,-0.073137,-0.487567,0.239660,-0.237485,0.000604,0.323856,-0.053005,0.062972,0.184012,0.388153,-0.037067,0.081591,0.312725,0.021419,0.314579,0.182180,0.278276,0.454441,0.405468,0.271289,0.405405,0.232712,0.255431,0.181438
0.131437,0.067623,0.409964,-0.530382,-0.085639,0.626374,-0.310070,-0.168186,-0.026684,0.108054,0.166957,-0.965457,0.670173,-0.204322,-0.567549,-0.330282,-0.360542,-0.886870,0.445210,0.022901,0.166685,0.567781,0.266909,0.272826,0.205696,0.179707,-0.087785,0.288382,0.435464,0.228931,-0.118628,0.035508,0.129231,0.202061,0.326043,0.218398,0.266588,0.212194,0.474789,0.345842
0.445823,0.067959,0.335491,-0.811343,-0.108785,0.533636,-0.167716,-0.072077,-0.028499,0.160018,0.189183,-0.688774,0.482067,-0.204388,-0.461242,-0.285774,0.090214,-0.725900,0.325738,0.116705,0.317035,0.501767,0.397721,0.180082,0.383861,0.311066,-0.264774,0.172269,0.417074,0.127891,0.159282,0.128153,0.182849,0.154768,0.510682,0.247247,0.126988,0.067897,0.252825,0.133810
0.174367,-0.087625,0.169053,-0.436080,-0.000567,0.492895,-0.306867,-0.258836,-0.129170,0.013618,0.008400,-0.411688,0.573667,-0.003691,-0.226591,-0.249604,-0.139575,-0.381014,0.198384,-0.090343,-0.026751,0.251323,-0.108482,0.195488,0.256472,0.189054,-0.125279,0.070032,0.104699,0.114136,0.107151,0.115854,0.122589,0.076261,0.296012,0.063778,0.226228,0.193220,0.186000,0.088137
0.187406,-0.023511,0.219805,-0.660242,0.026887,0.292357,-0.265986,-0.016143,-0.085279,-0.052413,0.089244,-0.311356,0.575460,-0.364471,-0.114317,-0.196993,-0.034884,-0.570300,0.223732,-0.078959,0.123697,0.296060,-0.071525,0.223344,0.141361,0.103900,0.059616,0.151803,0.211950,-0.060999,0.256039,0.151391,0.472522,0.353309,0.425117,0.254011,0.384028,0.221763,0.208561,0.183351
0.266035,0.072746,0.311107,-1.026583,0.072194,0.281044,-0.546827,-0.069898,-0.112519,0.149125,0.231986,-0.338781,0.484496,-0.425306,-0.276339,-0.251081,-0.092474,-0.448611,0.525413,-0.154325,0.178659,0.455587,0.291753,0.253376,0.246864,0.272777,-0.084193,0.286878,0.103882,0.108168,0.252326,0.141873,0.227528,0.318244,0.419196,0.144841,0.255797,0.241312,0.216420,0.175140
0.233352,0.048461,0.157655,-0.918202,0.168258,0.466699,-0.973255,-0.089402,-0.428733,0.217807,0.472900,-0.885456,1.013538,-0.281648,-0.348834,-0.285312,-0.067966,-0.728008,0.565144,-0.198081,0.267709,0.450583,0.341189,0.185675,0.216204,0.395302,0.135720,0.145576,0.230788,0.367424,-0.018592,0.331538,0.497222,0.525348,0.652969,0.369730,0.583431,0.205561,0.782158,0.066713
0.030758,-0.180572,0.251573,-0.366058,0.002021,0.352363,-0.156250,-0.024801,-0.018456,0.039050,0.082387,-0.397950,0.396100,-0.196036,-0.204331,-0.144028,-0.139534,-0.493070,0.308817,0.102437,0.144076,0.304414,0.084512,0.111972,0.213061,0.092954,-0.002877,0.144487,0.254919,0.091170,0.194528,0.088501,0.236549,0.144741,0.205682,0.214861,0.372660,0.110358,0.212872,0.140099
0.018982,-0.068677,0.371902,-0.684473,-0.055361,0.536683,-0.641876,-0.155396,-0.140108,0.059354,0.046963,-0.586075,0.314480,-0.154051,-0.358429,-0.127102,-0.174334,-0.512454,0.234644,0.027570,0.306432,0.301829,0.242224,0.365089,0.227722,0.254618,-0.128063,0.150394,0.222280,0.066038,0.187359,-0.020611,0.189605,0.301995,0.211564,0.230268,0.517617,0.219265,0.294167,0.086721
0.140830,-0.187700,0.375574,-0.372780,0.081873,0.412544,-0.268046,0.073217,-0.079562,0.066694,0.116662,-0.489304,0.475675,-0.208649,-0.150619,-0.036543,-0.108608,-0.438653,0.127949,0.065007,0.217616,0.223754,-0.037193,0.265650,0.173448,0.214065,-0.049277,-0.019645,0.363732,0.035442,0.173213,0.045346,0.326940,0.266285,0.324501,0.092795,0.453934,0.100503,0.273145,0.120556
0.200372,-0.138027,0.702467,-0.990497,-0.177873,0.789503,-0.455173,-0.152999,0.168009,-0.033621,0.406368,-0.552316,0.809159,-0.635572,-0.525881,-0.454297,-0.135677,-1.088663,0.658085,-0.354140,-0.005266,0.574386,0.150960,0.044879,0.429216,0.306921,-0.112839,-0.001756,0.237605,0.059434,0.571124,0.262721,0.565636,0.426641,0.657244,0.699975,0.303344,0.358747,0.451309,0.326326
0.069399,-0.087143,0.217134,-0.348217,0.007434,0.456006,-0.299850,-0.061290,-0.021803,0.076460,0.120214,-0.525847,0.446038,-0.240826,-0.206399,-0.117643,-0.222783,-0.444393,0.236073,-0.034966,0.118196,0.281242,0.022022,0.118940,0.195973,0.099477,-0.071418,0.143171,0.153256,0.197225,-0.013553,-0.011234,0.212282,0.102888,0.210346,0.134852,0.336383,0.264676,0.254408,0.117016
0.176234,-0.170976,0.141980,-0.809641,0.003159,0.265205,-0.478534,-0.199957,-0.241483,0.021149,0.268776,-0.290931,0.548852,-0.344651,-0.241467,-0.216442,-0.272895,-0.457419,0.132211,-0.083569,0.190052,0.288193,0.150988,0.176932,-0.120221,0.026965,0.018624,0.105808,0.253792,0.018103,0.153602,0.158275,0.426185,0.422979,0.287912,0.196223,0.345098,0.319350,0.456647,0.070779
0.159209,0.182913,0.090558,-0.782590,0.184447,0.515091,-0.402624,-0.118130,-0.169744,0.057147,0.161701,-0.553189,0.627325,-0.187803,-0.239920,-0.122715,-0.147865,-0.740428,0.367947,-0.150983,0.339702,0.379835,0.229035,0.193182,0.123036,0.231259,0.078851,0.212565,0.246431,0.346596,0.127898,-0.069329,0.253130,0.165210,0.549262,0.293632,0.438358,0.187218,0.384590,-0.101538
-0.101063,-0.019065,0.158769,-0.501634,-0.062266,0.342448,-0.366969,-0.113293,-0.147481,0.028639,-0.054049,-0.373289,0.184903,-0.070681,-0.303244,-0.082812,-0.223789,-0.343808,0.154300,-0.051300,0.154697,0.214905,0.192165,0.271858,0.176316,0.120994,-0.010907,0.111404,0.177676,0.064702,0.192981,0.033495,0.032327,0.290859,0.181471,0.112853,0.373790,0.065814,0.267366,-0.074144
0.290364,-0.023168,0.216747,-0.812564,-0.094785,0.618698,-0.604377,-0.320799,-0.288757,0.063921,-0.027252,-0.737067,0.472630,-0.103747,-0.684826,-0.296068,-0.005116,-0.742754,0.338411,0.024858,0.239753,0.612361,0.305344,0.308126,-0.034387,0.313847,0.016356,0.140509,0.360007,0.257171,0.157750,0.117542,0.175471,0.366860,0.399422,0.540296,0.372035,0.342615,0.518890,0.280646
0.262618,0.068277,0.307725,-0.801248,-0.077536,0.527338,-0.395321,-0.077136,0.038543,0.078178,0.130079,-0.538788,0.734523,-0.217296,-0.378962,-0.120159,-0.006681,-0.647352,0.343952,0.012161,0.323051,0.449586,0.050286,0.214572,0.230863,0.268670,0.045215,0.199864,0.369651,0.211165,0.231763,-0.079128,0.343556,0.413070,0.560070,0.339024,0.210305,0.284847,0.170193,0.208601
0.090626,-0.059911,0.189939,-0.193709,0.076507,0.280751,-0.191553,-0.039010,-0.015531,0.039514,-0.004045,-0.287090,0.305282,-0.105308,-0.157876,-0.047976,-0.046314,-0.326834,0.162594,0.014100,0.084288,0.228213,-0.028272,0.104342,0.210470,0.095986,-0.034513,0.190171,0.153398,0.084326,0.076809,0.061025,0.144117,0.137278,0.204870,0.077493,0.290493,0.126785,0.166620,0.052872
0.109228,-0.144753,0.219667,-0.750974,0.011818,0.411919,-0.384148,-0.211940,-0.082980,-0.037710,0.275671,-0.502246,0.591519,-0.172269,-0.456745,-0.267547,-0.362727,-0.468763,0.355604,0.101562,0.093158,0.352933,0.281223,0.031455,0.103592,-0.033265,-0.015449,0.090449,0.217772,0.199585,0.039742,0.100542,0.264377,0.252403,0.101775,0.205127,0.378943,0.233111,0.467611,0.160702
0.465287,-0.247351,1.065583,-1.757595,-0.070899,0.831710,-0.541052,-1.065648,-0.303737,0.366679,0.394727,-0.890739,0.927306,-0.716130,-0.726582,-0.620862,-0.412181,-2.287112,0.667529,-0.019071,-0.006358,1.052648,-0.023744,0.182907,0.330704,0.169301,0.227176,0.372575,0.451805,0.551608,0.405618,0.268871,0.237252,0.401488,0.889440,1.107893,0.194685,0.273905,0.597295,0.262081
0.098862,-0.014397,0.191442,-0.219661,0.021237,0.300041,-0.177909,-0.065987,0.003323,0.083760,0.074818,-0.340336,0.336884,-0.092387,-0.171150,-0.043453,-0.085499,-0.340970,0.140604,-0.012989,0.089540,0.207773,0.017058,0.057187,0.134022,0.043290,-0.036609,0.218842,0.163090,0.137518,-0.023415,0.025480,0.130993,0.143629,0.218658,0.064849,0.264558,0.191175,0.174377,0.042780
0.152311,-0.033194,0.069492,-0.498020,0.090920,0.215534,-0.207605,-0.153803,-0.195920,0.059323,0.074895,-0.264031,0.286943,-0.095073,-0.345950,-0.152957,-0.115893,-0.326230,0.212287,0.072695,0.059093,0.328076,0.240253,0.127518,0.064820,-0.000387,-0.081314,0.151976,0.270524,0.159151,0.053274,0.130776,0.213989,0.169930,0.152287,0.113457,0.298871,0.099045,0.304897,0.023788
0.011652,-0.122788,0.358443,-0.409585,0.026680,0.442508,-0.431998,0.060328,-0.046522,-0.111319,0.012731,-0.487845,0.469779,-0.222054,-0.145391,-0.180935,-0.223865,-0.558403,0.267702,-0.132694,0.195053,0.285564,0.065686,0.153788,0.320766,0.217810,0.029794,0.008576,0.328061,0.061144,0.342283,-0.026890,0.258013,0.407367,0.433240,0.232037,0.446150,0.051819,0.411890,0.147257
0.090524,-0.119048,0.208278,-0.502700,0.025065,0.340849,-0.381422,-0.090546,-0.154273,0.046333,0.055965,-0.472235,0.425915,-0.150271,-0.330412,-0.074874,-0.115029,-0.395290,0.088491,0.113066,0.270078,0.206516,0.164171,0.166879,0.151837,0.139452,-0.072960,0.053499,0.173771,0.136133,0.091795,0.060374,0.291972,0.270305,0.184520,0.123727,0.318930,0.132198,0.221970,0.019273
0.035675,-0.134906,0.291529,-0.327861,0.103487,0.413904,-0.208257,0.004249,-0.057211,0.066047,0.077612,-0.362603,0.414834,-0.223854,-0.221297,-0.168943,-0.072064,-0.422261,0.238473,0.086498,0.115053,0.313389,0.062091,0.147128,0.170811,0.209760,0.000694,0.145284,0.206149,0.058362,0.163491,0.129954,0.298232,0.079441,0.177898,0.176615,0.347386,0.108814,0.229344,0.162660
0.633412,0.423869,0.226371,-1.112507,-0.233570,0.571496,-0.890400,-0.087040,0.032105,0.056444,0.400551,-0.737355,1.474740,-0.266288,-0.541506,-0.271918,0.088036,-1.481924,1.298990,0.071763,0.685189,0.585168,0.275424,0.157541,0.734029,0.660686,-0.182123,0.365613,0.778568,0.000841,-0.104429,0.040925,0.211152,0.463465,1.039761,0.136355,0.151720,0.200726,0.679132,0.619733
0.268475,0.038987,0.446262,-0.650868,0.190416,0.432234,-0.406203,-0.027062,-0.040905,-0.003982,0.276041,-0.533952,0.637028,-0.454894,-0.221268,-0.212969,-0.296784,-0.607153,0.323295,-0.080712,0.143120,0.328091,0.066828,0.165900,0.353170,0.080979,-0.004276,0.203953,0.202917,0.059836,-0.014663,0.227430,0.338880,0.461520,0.501603,0.120502,0.360994,0.168988,0.414614,0.208746
0.072690,0.036114,0.082198,-0.435345,0.050196,0.326928,-0.282606,-0.078829,-0.146050,0.022277,0.092321,-0.366824,0.364841,-0.053067,-0.277022,-0.125307,-0.170334,-0.289766,0.267657,0.015467,0.043212,0.335611,0.142264,0.054279,0.166563,0.063657,-0.069446,0.163793,0.191467,0.119107,-0.029439,0.076250,0.232450,0.172195,0.105405,0.067426,0.302276,0.196759,0.331644,0.072182
0.139730,-0.048646,0.370311,-0.494775,-0.013907,0.514494,-0.458735,-0.021856,-0.361098,0.057548,0.029597,-0.577478,0.391516,-0.091398,-0.369030,-0.171060,-0.254968,-0.799783,0.171594,0.130272,0.377265,0.257891,0.350912,0.277387,0.129981,0.081659,0.103296,0.251514,0.542109,0.343985,-0.097360,0.119431,0.118457,0.397789,0.315951,0.122820,0.278196,-0.094880,0.606310,0.191384
0.021106,-0.105185,0.338951,-0.704428,-0.109798,0.670559,-0.648195,-0.327035,-0.134481,0.095899,-0.013942,-0.761392,0.695325,-0.214381,-0.579105,-0.346599,-0.146171,-0.595857,0.138809,0.018249,0.278649,0.309928,0.322068,0.032341,0.122249,0.211082,-0.026776,0.148336,0.122619,0.208889,0.317615,0.022255,0.271162,0.374432,0.373522,0.419194,0.184528,0.051380,0.244469,0.205541
0.093370,-0.027616,0.316912,-0.549660,0.158309,0.470101,-0.463366,0.080640,-0.118139,0.160145,0.066680,-0.486881,0.405341,-0.205662,-0.291297,-0.141937,-0.280380,-0.463140,0.284049,-0.044276,0.125410,0.289757,0.142864,0.064366,0.307153,0.122036,0.072607,0.411340,0.199982,0.092072,0.162082,-0.057649,0.065200,0.448137,0.395528,0.157526,0.404187,0.260626,0.325248,0.108319
0.141308,0.035241,0.145564,-0.410576,0.111320,0.313963,-0.268660,-0.040830,-0.146828,0.033429,0.064258,-0.268170,0.342026,-0.060666,-0.260407,-0.041294,-0.056030,-0.335497,0.193883,0.082140,0.031761,0.254841,0.094465,0.150751,0.104820,0.093335,-0.054041,0.320113,0.223412,0.051822,0.054041,0.229055,0.121315,0.244355,0.257806,0.040723,0.314022,0.110229,0.232999,0.067885
0.273724,-0.063337,0.421766,-0.495796,0.059294,0.470095,-0.390201,-0.224677,-0.015077,0.060129,0.098145,-0.476909,0.356520,-0.143549,-0.302088,-0.032719,-0.036470,-0.589286,0.122236,0.060287,0.235884,0.216582,0.124325,0.140775,0.127646,0.086816,-0.052339,0.216635,0.182050,0.266964,0.022741,0.094546,0.221215,0.268598,0.297918,0.162420,0.270174,0.161582,0.326688,-0.011794
0.102208,-0.012891,0.509142,-0.771575,-0.277947,1.475152,-0.940137,-0.276409,0.078312,0.245873,-0.150204,-1.326384,1.203623,-0.191195,-0.477865,-0.277379,-0.404525,-1.257130,0.291163,0.001364,0.334542,0.370115,0.258349,0.352253,0.584212,0.550879,-0.000719,0.294081,0.451463,0.397442,0.500277,-0.186812,0.104313,0.405080,0.808174,0.458588,0.443038,0.112657,0.656608,0.153590
0.027864,-0.178797,0.372263,-0.361898,0.047933,0.516434,-0.343416,-0.051324,-0.064323,0.133644,-0.087645,-0.431500,0.249446,-0.029389,-0.389568,-0.128360,-0.217538,-0.523173,0.130704,0.094391,0.140872,0.268661,0.121713,0.145853,0.291377,0.087640,-0.034066,0.310910,0.182471,0.062117,0.176926,0.013312,0.040361,0.232008,0.163314,0.126678,0.309508,0.090402,0.308501,-0.019293
0.156486,0.014951,0.166034,-0.702199,0.079945,0.200968,-0.312362,-0.248925,-0.177391,0.108844,0.005965,-0.245317,0.410450,-0.151538,-0.359941,-0.142437,-0.185726,-0.454800,0.293590,-0.051476,0.027393,0.196870,0.262017,0.243180,0.099268,0.100579,0.048723,0.219547,0.216040,0.173289,0.008916,0.173784,0.146315,0.251314,0.286522,0.137088,0.234962,0.091932,0.271887,0.027687
-0.102771,-0.032320,0.279535,-0.445460,-0.037214,0.293113,-0.411861,-0.135154,-0.073242,-0.132549,0.097361,-0.469263,0.358904,-0.090959,-0.238202,-0.217965,-0.056594,-0.353827,0.205184,-0.141606,0.020244,0.253954,-0.006550,0.163579,0.188305,0.153374,-0.031489,-0.032517,0.152219,0.066866,0.189502,0.004251,0.091363,0.202976,0.115608,0.028527,0.344409,0.133214,0.397109,0.147295
-0.047607,0.034971,0.137195,-0.498647,0.032871,0.641444,-0.435915,-0.059071,-0.106150,0.065437,-0.092081,-0.555218,0.594978,-0.139020,-0.304690,-0.209925,-0.008466,-0.313499,0.158331,0.005480,0.071837,0.326015,0.194658,0.241903,0.162874,0.246060,-0.152502,0.300347,0.283808,-0.040318,0.197541,0.100809,0.300366,0.156591,0.413982,0.204436,0.296564,0.227195,0.371789,0.261688
0.154818,0.133915,0.183175,-0.636450,-0.149297,0.532132,-0.349387,-0.013798,-0.137006,0.147596,0.136812,-0.607563,0.376252,-0.065626,-0.478398,-0.028678,-0.157986,-0.482437,0.285045,0.036980,0.208282,0.346667,0.220633,0.305849,0.062261,0.134700,0.071323,0.202286,0.239326,0.075821,0.041593,0.071339,0.015748,0.372764,0.286258,0.122329,0.217315,0.058015,0.189780,0.112512
0.164785,-0.131527,0.235736,-0.687838,0.038008,0.460142,-0.352765,-0.141060,0.021130,0.038698,0.242427,-0.430352,0.735933,-0.291020,-0.233160,-0.307915,-0.203191,-0.616484,0.208685,-0.030273,0.191009,0.239211,0.157291,0.106367,0.086563,-0.014404,0.067969,0.131814,0.176650,0.110930,0.089169,0.088419,0.479569,0.300960,0.339309,0.304115,0.371183,0.196757,0.357488,0.156955
-0.058714,0.105128,0.177195,-0.680338,-0.033987,0.314158,-0.310893,-0.046463,-0.233682,-0.051916,-0.076667,-0.279697,0.362631,-0.252849,-0.400929,-0.239698,-0.159941,-0.531265,0.477446,-0.167343,0.104560,0.356106,0.469451,-0.098247,0.122491,0.152669,-0.110167,0.277100,0.336920,0.035560,0.129232,0.027357,0.112746,0.643476,0.220493,0.343066,0.291756,0.042825,0.419271,0.212973
-0.011276,0.364900,0.405015,-0.764758,-0.018102,0.865331,-0.735057,0.148255,-0.263000,0.268651,-0.063047,-0.807231,0.469964,0.224465,-0.518143,-0.179534,-0.400788,-0.635459,0.203700,0.014274,0.413618,0.427747,0.507854,0.358578,0.301385,0.388503,0.018659,0.466025,0.427616,0.260514,0.225468,0.019115,0.001321,0.667937,0.578709,0.121050,0.410473,-0.032428,0.754880,0.153027
0.003445,-0.177192,0.463671,-0.767788,0.060750,0.894112,-0.280883,-0.344160,-0.202944,0.221064,-0.019925,-0.787626,0.742210,-0.067054,-0.694494,-0.229989,-0.445452,-1.074857,0.325483,-0.113604,0.365346,0.494640,0.376325,0.340732,0.209110,0.145678,-0.056481,0.382890,0.257568,0.089420,0.191032,-0.348538,0.094739,0.214139,0.256625,0.243926,0.620966,0.139726,0.552243,-0.122422
0.288188,-0.048028,0.350864,-0.530934,-0.095779,0.329985,-0.245569,-0.103957,-0.036937,0.076570,0.095757,-0.338677,0.604817,-0.177526,-0.213855,-0.205724,-0.065164,-0.770186,0.176656,-0.058633,0.215983,0.258286,0.029721,0.147330,0.156633,0.087773,-0.096129,0.046919,0.258149,0.235035,0.100691,0.038125,0.277402,0.140055,0.318033,0.265696,0.300643,0.068781,0.287533,0.112892
0.102857,0.049453,0.404504,-0.918896,0.104225,0.618946,-0.800430,0.024282,-0.048980,0.150224,0.070587,-0.670372,0.798624,-0.123431,-0.230860,-0.017392,-0.172408,-0.979745,0.695722,-0.339929,0.164517,0.446467,0.455077,0.210048,0.505334,0.639315,0.052884,0.064410,0.345162,0.288033,0.432812,-0.012288,0.356503,0.730471,0.464022,0.255797,0.527098,0.000508,0.662775,0.088210
0.076367,-0.174772,0.166065,-0.507304,-0.017366,0.357860,-0.258315,-0.075254,-0.194238,0.103029,0.212895,-0.333521,0.307348,-0.096610,-0.481372,-0.228494,-0.165627,-0.446144,0.195003,0.157071,0.287554,0.185828,0.421540,0.179122,0.024332,-0.099403,0.053095,0.161568,0.365503,0.213837,-0.002309,0.277303,0.148654,0.217760,0.060888,0.164063,0.335431,0.052207,0.316119,-0.026007
-0.137804,0.061715,0.194079,-0.724861,-0.055736,0.395260,-0.456987,-0.082592,-0.189301,0.076430,0.171095,-0.378988,0.446074,-0.183909,-0.293812,-0.181690,-0.106128,-0.338933,0.299878,-0.197185,-0.046166,0.240577,0.021195,0.017561,0.128658,0.234846,0.077680,0.065571,0.178739,0.117852,0.224593,0.068618,0.149479,0.408095,0.184111,0.213478,0.326536,0.347598,0.349675,0.072556
0.055878,-0.100986,0.240654,-0.407987,0.025891,0.355018,-0.151852,-0.022310,-0.062675,-0.026548,0.047448,-0.322751,0.403987,-0.184785,-0.243382,-0.144786,-0.058396,-0.464258,0.332636,0.055764,0.147561,0.332805,0.112962,0.100739,0.179037,0.155495,-0.047659,0.159600,0.283942,0.055282,0.206976,0.140711,0.190867,0.151252,0.146309,0.224926,0.369329,0.064480,0.230777,0.158598
0.064874,-0.146276,0.335838,-0.618655,-0.144000,0.760336,-0.424406,-0.241273,-0.285153,0.055978,0.133843,-0.842726,0.496753,-0.082659,-0.590804,-0.168727,-0.274010,-0.730863,0.187345,0.052489,0.289384,0.461300,0.271423,0.270189,0.107915,0.155113,-0.010439,0.127082,0.276384,0.168491,-0.014533,-0.015448,0.073033,0.223716,0.123696,0.275450,0.453161,0.199376,0.496590,0.101794
0.127381,0.003311,0.340398,-0.803143,0.087355,0.305138,-0.483140,-0.229342,-0.173946,0.115217,0.075840,-0.513682,0.285836,-0.145967,-0.546082,-0.137173,-0.036536,-0.676791,0.303760,0.003647,0.255881,0.249881,0.151146,0.373239,0.151385,0.332750,0.017681,0.090451,0.135485,0.034705,0.089905,0.171300,0.117615,0.363826,0.322176,0.232388,0.343085,0.198271,0.281866,0.093121
0.239640,-0.108365,0.143312,-0.491347,0.033447,0.322237,-0.266083,-0.072426,-0.252381,0.072882,0.154209,-0.485690,0.352087,-0.213209,-0.283008,-0.241300,-0.182232,-0.368262,0.210258,-0.045957,0.136103,0.299358,0.158733,0.064576,0.121811,-0.019407,-0.135376,-0.029555,0.148484,0.191161,-0.041620,0.056437,0.173882,0.094376,0.182700,0.244414,0.316914,0.189754,0.320738,0.053963
0.030140,-0.055247,0.235440,-0.565129,-0.083218,0.488926,-0.300666,-0.121260,-0.151731,0.031574,0.060914,-0.429562,0.545880,-0.154729,-0.245834,-0.234472,-0.288967,-0.644479,0.276480,-0.088059,0.207828,0.145133,0.192771,0.017593,0.311135,-0.079524,-0.099392,0.132778,0.185848,0.110033,0.213462,0.183818,0.114838,0.361629,0.415422,0.406877,0.350683,-0.056476,0.246593,0.155608
0.144351,0.027042,0.134104,-0.622251,0.004733,0.240260,-0.209991,0.011930,-0.195337,0.050589,0.032838,-0.291704,0.457269,-0.244413,-0.183387,-0.201260,0.051070,-0.431166,0.343844,-0.020047,0.033023,0.379495,0.016155,0.140232,0.039746,0.223675,-0.048571,0.235633,0.344379,0.023050,0.146976,0.108680,0.308230,0.233021,0.272714,0.219898,0.312892,0.344382,0.203721,0.205171
0.254230,0.093765,0.126631,-0.612062,0.044476,0.309356,-0.224970,-0.080355,-0.201329,0.047856,0.103911,-0.383198,0.505990,-0.216750,-0.284448,-0.187218,-0.065410,-0.452725,0.339391,0.019849,0.104521,0.405748,0.154496,0.105197,-0.003777,0.076554,-0.077571,0.270716,0.427671,0.176817,0.022172,0.022375,0.307594,0.246304,0.311005,0.196401,0.228078,0.329900,0.296497,0.138696
0.420846,0.166681,0.631647,-1.128660,0.213256,0.759721,-0.862681,0.010766,0.085770,0.154767,0.131054,-1.036821,0.883472,-0.313322,-0.366193,-0.120228,-0.246158,-1.408226,0.583176,-0.120098,0.417568,0.541509,0.411723,0.174825,0.475573,0.572201,0.106437,0.293935,0.462996,0.488200,0.209447,-0.069617,0.496983,0.399903,0.661005,0.475548,0.508787,0.080567,0.348106,-0.295096
-0.026627,-0.012405,0.233266,-0.712672,-0.000734,0.338262,-0.336421,-0.017724,-0.177150,0.156430,0.094305,-0.268523,0.462328,-0.265317,-0.240206,-0.189401,-0.104983,-0.327979,0.279608,-0.031890,0.099904,0.324629,0.174789,0.019808,0.189056,0.300213,0.087296,0.280866,0.252274,-0.058871,0.256823,0.046661,0.276248,0.379087,0.252664,0.259183,0.420977,0.269859,0.267878,0.221345
0.097590,-0.011424,0.159744,-0.218497,0.028066,0.291280,-0.191797,-0.054195,-0.000176,0.074331,0.063316,-0.331369,0.333545,-0.085122,-0.176112,-0.043011,-0.091067,-0.335306,0.145005,0.001012,0.090540,0.214109,0.027547,0.071486,0.151619,0.050298,-0.036514,0.212463,0.150407,0.125760,-0.011095,0.036332,0.125847,0.149605,0.193536,0.040378,0.277416,0.162852,0.179845,0.045784
0.045408,-0.053083,0.209180,-0.969485,-0.128483,0.505427,-0.649563,-0.170347,-0.069059,-0.047477,0.211526,-0.566673,0.607736,-0.196798,-0.324420,-0.215208,-0.174660,-0.486268,0.132102,-0.019847,0.237086,0.247451,0.228878,0.287318,0.141289,0.313394,-0.086582,0.057459,0.249722,0.091621,0.276904,0.180424,0.221252,0.393997,0.308757,0.193508,0.323982,0.248961,0.332642,0.161779
-0.081729,-0.093506,0.337414,-0.525479,-0.060652,0.820088,-0.594860,-0.261207,-0.137249,0.071721,0.060734,-0.771243,0.680172,-0.279774,-0.581550,-0.380705,-0.362675,-0.764064,0.221372,-0.060712,0.176116,0.415049,0.233738,0.064936,0.348454,0.055578,-0.035935,0.345216,0.287993,0.137046,0.346613,0.068230,0.100086,0.562865,0.565216,0.224572,0.345484,0.116025,0.493560,0.282683
0.270266,-0.062900,0.147236,-0.700714,0.098164,0.135236,-0.308773,-0.177229,-0.184252,0.136123,-0.011605,-0.147813,0.310189,-0.219570,-0.483715,-0.192630,-0.033351,-0.590049,0.262354,0.051009,0.123522,0.386443,0.318113,0.204674,0.085296,0.130547,-0.063575,0.290481,0.291794,0.143796,0.176752,0.228098,0.178402,0.282441,0.365592,0.193195,0.321368,0.120689,0.228917,0.101781
0.153651,-0.013076,0.423562,-0.433699,-0.129100,0.585211,-0.326783,-0.097024,0.034695,0.109902,0.083972,-0.659680,0.564560,-0.047740,-0.384103,-0.102523,-0.167474,-0.802405,0.172795,0.028352,0.256072,0.423502,0.208122,0.250765,0.021775,0.028884,-0.001027,0.224248,0.442273,0.254202,0.039902,0.044888,0.016546,0.215772,0.333531,0.258930,0.354787,0.074559,0.269441,0.291116
0.082757,-0.090654,0.258671,-0.259964,0.011061,0.291439,-0.239733,-0.010072,-0.006153,0.064684,0.052322,-0.355619,0.274299,-0.106027,-0.219918,-0.040837,-0.208153,-0.353440,0.233726,-0.086077,0.050641,0.257173,0.104078,0.062620,0.173118,0.079890,-0.013437,0.263810,0.180148,0.116788,0.031973,-0.034142,0.059674,0.291356,0.174341,0.089512,0.284497,0.125852,0.213083,0.067576
0.185072,-0.127425,0.266485,-0.345524,0.059336,0.240533,-0.106433,-0.067530,-0.087642,0.078822,-0.043524,-0.299139,0.392550,-0.156886,-0.182269,-0.147117,0.029777,-0.482577,0.207756,0.044991,0.191344,0.232010,0.007225,0.132708,0.284651,0.147624,-0.022018,0.181029,0.219503,0.079527,0.193356,0.036009,0.226985,0.093253,0.300943,0.202427,0.261976,0.156274,0.160027,0.090675
0.099445,-0.094683,0.441814,-0.465308,0.086630,0.583402,-0.253485,0.007785,-0.130472,0.001701,0.082296,-0.665868,0.610586,-0.440194,-0.286813,-0.328400,-0.253961,-0.868159,0.254920,0.044547,0.335320,0.357664,0.102924,0.226825,0.216250,0.103202,0.073193,0.092519,0.319490,0.312360,0.117329,0.038819,0.208588,0.319478,0.457453,0.360380,0.357924,-0.041729,0.360063,0.172760
0.234306,-0.042850,0.276884,-0.348667,0.159933,0.407012,-0.213642,0.017605,-0.123232,0.105442,0.034979,-0.285351,0.361041,-0.151018,-0.295435,-0.052487,-0.041722,-0.409989,0.129940,0.070941,0.164401,0.233702,0.047789,0.148275,0.123923,0.133050,0.035598,0.215303,0.258802,0.048449,0.061587,0.136013,0.219781,0.240835,0.296431,0.049930,0.352430,0.106544,0.219141,0.051098
0.111716,-0.030383,0.087896,-0.533706,0.013290,0.319366,-0.195050,-0.035335,-0.156803,0.070188,0.053071,-0.365720,0.423143,-0.143782,-0.254824,-0.173055,-0.152995,-0.436329,0.353304,0.039613,0.039789,0.396026,0.152237,0.049149,0.108933,0.038005,-0.101184,0.160642,0.341678,0.147178,0.031957,-0.029687,0.270315,0.143227,0.141614,0.188078,0.311892,0.221880,0.279505,0.132514
0.063995,-0.100111,0.145668,-0.376700,0.079844,0.181445,-0.169474,-0.112071,-0.053076,0.021100,-0.045657,-0.202569,0.222410,-0.134234,-0.245015,-0.062605,-0.110561,-0.393526,0.125580,0.058309,0.128750,0.184515,0.138428,0.128999,0.224656,0.083833,0.011145,0.139006,0.186424,0.123142,0.148974,0.080172,0.181113,0.172997,0.173632,0.112546,0.306811,0.034531,0.166835,0.016406
0.026901,-0.053807,0.346244,-0.624186,0.035787,0.176289,-0.246020,-0.087059,-0.094250,0.044304,-0.068000,-0.280838,0.308801,-0.181934,-0.304505,-0.128503,-0.007803,-0.552248,0.288861,-0.047587,0.234261,0.311197,-0.026364,0.162568,0.292078,0.303605,0.098624,0.142863,0.254198,0.002503,0.267611,0.038142,0.226956,0.298746,0.332310,0.320476,0.259391,0.160241,0.188299,-0.036614
0.266651,-0.050315,0.092615,-0.686458,-0.067951,0.335034,-0.431334,-0.183272,-0.214186,0.096750,0.200398,-0.507752,0.532212,-0.053572,-0.379414,-0.257542,-0.160883,-0.437279,0.270149,0.067403,0.280965,0.333112,0.187360,0.166645,0.063134,0.125002,-0.052530,0.107958,0.239899,0.073415,0.064184,0.107118,0.307820,0.279247,0.274484,0.188129,0.198777,0.175340,0.310145,0.068625
0.026859,-0.099215,0.192992,-0.715432,-0.112332,0.753724,-0.790238,-0.128449,-0.161492,0.243321,0.048231,-0.750260,0.739563,-0.216226,-0.327156,-0.378574,-0.221556,-0.567367,0.504736,-0.090653,0.084671,0.577355,0.111792,0.173677,0.257362,0.403059,-0.105885,0.169926,0.254408,0.317020,0.138832,0.128937,0.333533,0.396454,0.392751,0.495336,0.273880,0.393821,0.376354,0.278043
0.166436,-0.122599,0.236321,-0.714104,0.049209,0.275483,-0.244620,-0.132905,-0.175315,0.110806,0.234011,-0.356523,0.512531,-0.158058,-0.428981,-0.244725,-0.170847,-0.504887,0.188300,0.135181,0.269732,0.258746,0.311086,0.106128,0.014858,-0.043569,0.130182,0.325029,0.308002,0.173369,0.116588,0.054857,0.214788,0.286739,0.223663,0.280086,0.212478,0.100739,0.351675,-0.019105
0.208302,-0.124911,0.445958,-0.928993,0.051676,0.521327,-0.675395,-0.288632,-0.001496,-0.079020,0.354568,-0.610272,0.923879,-0.312340,-0.286509,-0.293943,-0.249152,-0.821023,0.196535,0.012928,0.349420,0.315741,0.304374,0.141182,0.163867,0.181707,0.047279,0.074615,0.261957,0.157987,0.232064,0.312816,0.472740,0.585390,0.521446,0.317875,0.183014,0.248159,0.614074,0.093190
0.238247,-0.051007,0.183361,-0.330425,0.108854,0.227932,-0.198543,-0.144942,-0.154272,0.066462,-0.029901,-0.228369,0.325009,-0.088478,-0.275114,-0.031370,0.017344,-0.340508,0.211772,0.073230,0.040728,0.134644,0.127407,0.089907,0.131246,0.104182,0.025866,0.194231,0.155882,0.157349,-0.053424,0.104512,0.146578,0.164671,0.301687,0.085704,0.160473,0.151935,0.173506,0.013783
0.167962,-0.141960,0.190214,-0.413111,0.060006,0.136236,-0.159711,-0.202784,-0.114527,0.041701,-0.022152,-0.187644,0.256316,-0.132529,-0.274718,-0.099882,-0.101119,-0.444163,0.184080,0.051048,0.200553,0.206239,0.190264,0.054597,0.241121,0.150696,-0.068106,0.120726,0.160146,0.186674,0.119704,0.075259,0.152136,0.170799,0.232844,0.195289,0.174307,0.011915,0.102659,0.149561
0.206090,-0.016187,0.195990,-0.654994,-0.150521,0.420222,-0.354403,-0.162873,-0.067664,-0.083129,0.122537,-0.400510,0.527155,-0.032905,-0.260130,-0.162053,-0.071525,-0.387126,0.155233,-0.030268,0.028936,0.285359,0.056082,0.155958,0.069655,0.367181,0.013752,0.032339,0.296049,0.007669,0.195528,0.245675,0.123478,0.298674,0.277353,0.052131,0.321182,0.133119,0.240858,0.113206
0.042867,-0.184245,0.302181,-0.645786,0.018734,0.325208,-0.196893,-0.136165,-0.131398,0.098654,0.159187,-0.397831,0.234736,-0.023415,-0.485195,-0.159386,-0.272786,-0.560152,0.250983,0.155671,0.146112,0.319204,0.381232,0.075829,0.059339,-0.104337,0.001001,0.299014,0.337193,0.222436,0.080348,-0.004236,0.091539,0.200050,0.029538,0.182413,0.264574,0.078298,0.325175,-0.053799
0.039382,0.029548,0.629933,-0.795385,-0.167935,0.468411,-0.670871,-0.128415,-0.069576,0.110298,0.253046,-0.427374,0.392448,-0.304912,-0.331900,-0.218573,-0.154438,-0.708149,0.639431,-0.315493,0.213594,0.405203,0.306264,0.189553,0.378034,0.538427,0.032490,0.017138,0.216639,0.141324,0.274136,-0.020421,0.131669,0.471282,0.446470,0.264336,0.079236,0.170459,0.349993,0.270995
0.032278,0.053339,0.266332,-0.521230,0.090591,0.299364,-0.418352,0.042785,-0.282181,0.117937,0.024136,-0.341374,0.419626,-0.198020,-0.299018,-0.215473,-0.135305,-0.330042,0.164591,-0.032160,0.104161,0.299847,0.042866,0.256504,0.187988,0.290347,-0.076981,0.177273,0.182817,-0.039343,0.155789,0.012402,0.206588,0.296625,0.228510,0.091014,0.465672,0.217468,0.320562,0.183314
0.158022,-0.053044,0.319026,-0.737704,-0.098516,0.462541,-0.613815,-0.194683,-0.145843,0.013915,0.380725,-0.658563,0.721641,-0.203675,-0.541082,-0.360157,-0.280251,-0.631379,0.322890,0.100349,0.407587,0.472647,0.522022,0.100028,0.182021,0.009502,-0.022626,0.100667,0.286346,0.201851,0.099249,0.250709,0.258156,0.383542,0.225504,0.255843,0.115648,0.201307,0.575580,0.225773
0.158022,-0.053044,0.319026,-0.737704,-0.098516,0.462541,-0.613815,-0.194683,-0.145843,0.013915,0.380725,-0.658563,0.721641,-0.203675,-0.541082,-0.360157,-0.280251,-0.631379,0.322890,0.100349,0.407587,0.472647,0.522022,0.100028,0.182021,0.009502,-0.022626,0.100667,0.286346,0.201851,0.099249,0.250709,0.258156,0.383542,0.225504,0.255843,0.115648,0.201307,0.575580,0.225773
0.445490,0.176881,0.045152,-0.654173,0.115021,0.339613,-0.463563,-0.173913,-0.227445,-0.005958,-0.026974,-0.313356,0.398865,-0.114759,-0.516453,-0.181032,-0.005123,-0.594717,0.188545,-0.009173,0.078006,0.428696,0.273615,0.319462,-0.228010,0.145015,-0.054336,0.271412,0.311997,0.176487,0.073806,0.308938,0.180785,0.291344,0.352886,0.137540,0.449280,0.245925,0.468734,0.273127
0.390914,0.443222,0.215685,-1.011142,-0.308040,0.775680,-0.344514,-0.177634,-0.127004,0.149622,0.033545,-0.832563,0.745834,-0.340417,-0.393465,-0.455778,0.053457,-0.938041,0.579441,-0.116747,0.172443,0.386774,0.301928,0.187909,0.301417,0.570378,-0.172962,0.413275,0.298344,0.176006,0.194496,0.182869,0.156466,0.227468,0.798192,0.543100,-0.043102,0.181029,0.327204,0.332114
0.076750,-0.009121,0.150820,-0.385658,0.011627,0.352594,-0.181805,0.011280,-0.085278,0.112610,0.088510,-0.374724,0.416518,-0.175776,-0.150801,-0.156349,-0.084843,-0.407136,0.311321,0.025895,0.056509,0.332853,0.017649,0.053228,0.158055,0.117738,-0.046999,0.217601,0.273602,0.109929,0.019450,0.024081,0.243349,0.127262,0.194133,0.163518,0.282484,0.271613,0.201457,0.155440
0.166565,0.002565,0.217550,-0.209414,0.100099,0.224303,-0.096815,-0.065479,-0.116443,0.032968,0.052027,-0.183052,0.271635,-0.040458,-0.233425,-0.054182,-0.033524,-0.303714,0.089405,0.012010,0.043889,0.150377,-0.009360,0.022662,0.117412,0.013002,-0.015101,0.132511,0.111584,0.036776,-0.001357,0.079528,0.049931,0.206978,0.185652,0.001906,0.215541,0.118607,0.112431,0.038785
0.104041,-0.178788,0.311384,-0.250901,0.089842,0.435458,-0.277587,0.030224,-0.026937,0.100682,0.004306,-0.407537,0.357186,-0.144445,-0.268200,-0.137995,-0.276066,-0.410020,0.112015,0.032271,0.112051,0.226154,0.081639,0.180560,0.230977,0.086458,-0.094383,0.198476,0.198851,0.091638,0.119731,0.027694,0.119545,0.260766,0.180240,0.097903,0.404425,0.134404,0.253152,0.123696
0.098904,-0.030736,0.312597,-0.600018,-0.031647,0.676960,-0.526797,-0.013565,0.113417,0.045719,0.059035,-0.607415,0.614085,-0.144842,-0.095134,-0.115953,-0.069307,-0.889785,0.257187,-0.149867,0.230990,0.187919,0.024704,0.240864,0.492333,0.329454,-0.023776,0.143712,0.366820,0.167091,0.363942,-0.071093,0.182125,0.342769,0.610934,0.283766,0.384837,0.169388,0.317203,0.030135
0.173986,-0.125910,0.187126,-0.145177,0.083159,0.286879,-0.119872,-0.068566,-0.093727,0.006484,0.033001,-0.262985,0.382438,-0.097017,-0.196388,-0.077327,-0.020664,-0.327563,0.142340,0.100315,0.086111,0.246905,-0.069064,0.065622,0.187597,0.120727,-0.065046,0.095217,0.145945,0.100675,0.045963,0.054456,0.109110,0.231917,0.260140,0.113522,0.251477,0.198115,0.084180,0.063533
0.121139,-0.032996,0.444975,-0.653328,0.054373,0.407363,-0.577222,-0.010033,-0.130991,0.050987,0.157279,-0.654140,0.489339,-0.321462,-0.328052,-0.218377,-0.334440,-0.565968,0.404588,0.002577,0.301868,0.314803,0.208105,0.182559,0.416788,0.065194,-0.069461,0.216628,0.181070,0.121849,0.082407,0.016251,0.242822,0.406172,0.349500,0.236078,0.418070,0.135165,0.284313,0.111885
0.194180,-0.123376,0.257823,-0.603531,0.128444,0.253464,-0.333368,-0.183620,-0.162875,-0.023234,0.220561,-0.384371,0.465985,-0.246581,-0.363024,-0.190028,-0.338468,-0.297118,0.130924,0.039584,0.157941,0.175503,0.117705,0.047533,0.271098,-0.141338,0.000050,0.148336,0.022239,0.171329,-0.036530,0.248156,0.248937,0.319956,0.254007,0.152969,0.255450,0.095932,0.354180,0.145419
0.136090,-0.041857,0.144344,-0.456101,-0.022921,0.400452,-0.250645,-0.115678,-0.054965,0.061680,0.046767,-0.345325,0.515189,-0.018630,-0.287045,-0.129930,-0.182558,-0.363973,0.193286,0.087336,0.059461,0.171698,0.007650,0.089586,0.167820,0.146946,-0.039819,0.246266,0.159011,0.049312,0.075450,0.069821,0.131447,0.237308,0.265783,0.043494,0.197061,0.220844,0.244318,0.078789
0.017817,0.028060,0.257833,-0.571249,0.089505,0.342501,-0.359546,0.045674,-0.215407,0.078400,-0.072943,-0.319695,0.310466,-0.187341,-0.447947,-0.175042,-0.080856,-0.376401,0.332765,0.057557,0.117700,0.400327,0.189976,0.191246,0.157884,0.294822,0.010448,0.277237,0.255654,-0.067754,0.155879,0.043699,0.134787,0.376956,0.245244,0.146237,0.410520,0.120824,0.330357,0.098365
0.126648,0.030046,0.197195,-0.644891,0.014761,0.460495,-0.359938,0.036574,-0.090492,0.080876,0.119356,-0.568857,0.572974,-0.222944,-0.169634,-0.219763,-0.199211,-0.490666,0.360216,-0.092930,0.068271,0.442047,0.115977,0.058046,0.259254,0.105917,-0.024677,0.079933,0.286101,0.158814,-0.010798,-0.023844,0.397727,0.236116,0.314176,0.227997,0.364785,0.327065,0.388599,0.134241
0.164890,-0.061502,0.416157,-0.759454,-0.138898,0.569531,-0.534785,-0.130298,-0.179589,0.130503,0.289964,-0.791762,0.424816,-0.060730,-0.549770,-0.277756,-0.275231,-0.640969,0.387399,0.183517,0.296754,0.424194,0.351790,0.223259,0.271041,0.104204,-0.037834,0.138967,0.238819,0.193555,0.176896,0.115977,0.091523,0.363478,0.217653,0.175843,0.118102,0.154576,0.314472,0.029632
0.150538,-0.106767,0.483845,-0.628239,0.071730,0.409476,-0.412595,0.054398,-0.034417,0.191985,0.298224,-0.554963,0.641996,-0.428796,-0.301598,-0.268054,-0.303983,-0.691949,0.486428,-0.065021,0.147679,0.423227,0.236271,0.016662,0.305492,0.217238,-0.009966,0.219907,0.307754,0.048460,0.013132,0.147827,0.315428,0.481812,0.417803,0.200513,0.438757,0.172934,0.370500,0.286655
-0.115346,-0.008919,0.341789,-0.624696,-0.224532,0.819414,-0.645256,-0.260792,0.011060,-0.014413,0.071301,-0.780820,0.741669,-0.303628,-0.263966,-0.383315,-0.087368,-0.778439,0.256210,-0.064093,0.205334,0.216983,0.239980,0.222391,0.300334,0.376684,-0.020351,0.180058,0.245675,0.207910,0.424357,0.072387,0.112376,0.283043,0.574228,0.589770,0.074981,0.197272,0.384857,0.254452
-0.081106,-0.033887,0.378365,-0.632071,-0.010440,0.386582,-0.481199,-0.132584,0.028753,-0.081646,0.271002,-0.469973,0.591404,-0.245765,-0.240606,-0.208082,-0.180445,-0.556727,0.313957,-0.216847,0.098218,0.291604,0.136773,0.148526,0.216525,0.121291,0.057526,-0.029513,0.207791,0.187713,0.066241,-0.017345,0.202169,0.424631,0.261979,0.306419,0.179844,0.155031,0.541214,0.078526
0.259756,-0.006731,0.349672,-0.829815,-0.112719,0.656210,-0.559488,-0.084439,-0.068491,0.145771,0.314723,-0.548286,0.593073,-0.423568,-0.376760,-0.331422,0.011105,-0.464228,0.500291,-0.184548,0.046730,0.286736,0.265875,0.174025,0.262525,0.397604,-0.305415,0.230872,0.290362,-0.002702,0.118813,0.271562,0.220603,0.618667,0.530125,0.242863,0.303467,0.187655,0.637546,0.326110
0.144838,-0.207334,0.401710,-0.583540,0.068076,0.254582,-0.201518,-0.082702,-0.113538,0.051007,-0.074100,-0.307062,0.374758,-0.184889,-0.326775,-0.128623,-0.192450,-0.633521,0.122439,0.024720,0.400934,0.178397,0.076871,0.206524,0.237591,0.080087,0.038043,0.173688,0.323569,0.107121,0.233374,0.044174,0.300227,0.310192,0.386746,0.318400,0.300580,0.062107,0.209094,-0.093643
0.190375,-0.102646,0.207640,-0.673987,0.143581,0.264223,-0.310839,-0.043267,-0.194890,-0.048964,0.095787,-0.390754,0.372011,-0.271164,-0.363171,-0.264133,-0.218860,-0.415981,0.280630,-0.086116,0.101356,0.375807,0.212573,0.148133,0.061553,-0.024191,-0.118044,0.064089,0.239196,0.170988,0.081727,-0.010050,0.268806,0.157053,0.189802,0.178209,0.284103,0.131054,0.407222,0.174057
0.285183,-0.064404,0.189521,-0.584467,-0.053886,0.321390,-0.215866,-0.159106,-0.049124,0.060115,0.315055,-0.384892,0.606432,-0.161874,-0.322741,-0.157155,-0.181269,-0.608259,0.237580,0.075842,0.237559,0.264462,0.149142,0.091060,0.014928,-0.003574,0.062128,0.098003,0.285964,0.194088,0.045225,0.090525,0.277159,0.235117,0.257166,0.219699,0.215176,0.215688,0.329517,0.074433
0.236553,0.048623,0.210839,-0.576891,0.101668,0.375342,-0.176887,-0.005713,-0.216426,0.041538,0.018962,-0.273900,0.480216,-0.251433,-0.185168,-0.186744,0.086057,-0.583225,0.426094,0.006931,0.060982,0.406386,0.111984,0.137465,0.169135,0.139492,-0.113649,0.398330,0.321401,0.069723,0.224435,0.185470,0.289367,0.236268,0.333765,0.309083,0.425743,0.199143,0.158671,0.234260
0.464071,-0.108719,0.551035,-0.476265,0.087433,0.545312,-0.459841,-0.140633,-0.007060,0.100964,0.059427,-0.504364,0.630047,-0.303010,-0.363303,-0.234428,-0.102532,-0.676278,0.500954,0.096759,0.212330,0.406014,-0.050726,0.214741,0.173322,0.262499,-0.075817,0.155995,0.213655,0.255132,0.130756,0.043781,0.141354,0.459982,0.438347,0.160297,0.280353,0.126653,0.094825,0.114306
-0.147210,-0.163865,0.412533,-0.609281,0.237180,1.036179,-0.748075,-0.123493,-0.296052,0.061259,-0.016917,-0.668545,1.017230,-0.009748,-0.498096,-0.166852,-0.450620,-1.036998,0.234359,-0.106312,0.293191,0.479520,0.506507,0.354674,0.448991,0.202932,0.120664,0.276819,0.446482,0.387773,0.349854,0.260053,0.301197,0.504597,0.713890,0.312863,0.528325,-0.069018,0.742255,0.123005
0.247712,-0.073248,0.175337,-0.616908,0.028687,0.368704,-0.245958,-0.118328,-0.209102,0.176560,0.014753,-0.456365,0.356326,-0.136473,-0.364110,-0.253917,-0.055494,-0.535493,0.354522,0.073272,0.146290,0.426737,0.285248,0.196512,0.221046,0.102316,-0.047844,0.131124,0.363477,0.120714,0.115513,0.103868,0.158115,0.145475,0.235302,0.273112,0.242573,0.109494,0.338294,0.120588
0.055447,-0.134677,0.268515,-0.530654,-0.065979,0.295966,-0.284672,-0.235152,-0.060225,-0.029148,-0.015617,-0.377912,0.491604,-0.198922,-0.218763,-0.156893,-0.128419,-0.604397,0.214368,-0.118460,0.119396,0.257109,0.113279,0.184589,0.240878,0.157184,-0.041746,-0.025549,0.317539,0.086539,0.212833,0.123630,0.106026,0.218195,0.291716,0.161378,0.393521,0.042294,0.256687,0.048988
0.303535,-0.036585,0.618099,-0.596160,0.086673,0.476758,-0.157078,-0.053066,-0.014974,0.155499,0.243556,-0.644045,0.491731,-0.338794,-0.495959,-0.299736,-0.071361,-0.887053,0.327988,0.209946,0.408772,0.289298,0.326082,0.128089,0.321290,-0.008900,0.081291,0.135339,0.464407,0.325031,0.060641,0.199328,0.143683,0.197958,0.240675,0.384692,0.371615,0.167427,0.341541,0.044280
0.144819,-0.014506,0.173805,-0.499075,0.083499,0.347442,-0.413408,-0.052412,-0.211593,0.089162,0.014610,-0.395728,0.209483,-0.125415,-0.469174,-0.128647,-0.116159,-0.421417,0.224529,-0.007353,0.152605,0.337524,0.210030,0.132107,0.087043,0.074504,-0.075002,0.228088,0.189172,0.098738,0.045750,0.077224,0.194515,0.308021,0.236493,0.142357,0.377792,0.121733,0.355262,0.025360
0.153534,-0.042317,0.506971,-0.520334,0.039236,0.365510,-0.289214,-0.036467,-0.080137,0.119849,0.055649,-0.359693,0.160220,-0.045328,-0.307679,-0.000060,-0.200899,-0.546210,0.223141,0.133020,0.281555,0.253980,0.233006,0.182767,0.246174,0.057361,0.126278,0.280740,0.344481,0.111220,0.042519,0.033511,0.188037,0.317452,0.273285,0.163178,0.245490,0.075323,0.227177,-0.125462
0.266852,-0.068651,0.306076,-0.518966,-0.024574,0.530438,-0.399367,-0.094353,-0.083118,0.143766,0.000447,-0.562527,0.683150,-0.083077,-0.331189,-0.261668,-0.115436,-0.641997,0.383357,-0.009722,0.161326,0.340364,-0.003193,0.282890,0.205081,0.363097,-0.236497,0.207106,0.153687,0.152597,0.132620,-0.024042,0.181818,0.204917,0.382208,0.136530,0.193773,0.085241,0.191416,0.141804
0.120261,-0.065635,0.248002,-0.473298,0.107412,0.372882,-0.308249,0.006877,-0.211358,0.174101,-0.079457,-0.523127,0.603063,-0.197766,-0.244434,-0.233367,-0.018845,-0.435124,0.334421,0.079670,0.156022,0.488301,-0.024841,0.196508,0.280895,0.274181,-0.068557,0.275362,0.325262,0.121796,0.048624,0.076565,0.299445,0.077414,0.251128,0.232127,0.246759,0.275920,0.305905,0.216151
0.185379,-0.013565,0.143204,-0.793600,-0.041037,0.444882,-0.548997,-0.241442,-0.161694,0.116442,0.212925,-0.503512,0.602862,-0.283842,-0.376654,-0.360795,-0.155676,-0.558041,0.224005,-0.062390,0.326725,0.300671,0.164724,-0.014344,0.039204,0.186116,-0.016377,0.177420,0.217302,0.129696,0.187260,0.092103,0.292903,0.411795,0.448953,0.255738,0.169064,0.209634,0.318061,0.096848
0.192877,0.063525,0.363210,-0.777273,0.185278,0.459659,-0.595365,-0.200193,-0.243490,0.080189,-0.021732,-0.506686,0.508172,0.090106,-0.320854,0.056910,-0.318430,-0.859004,0.421210,-0.140985,0.186155,0.425402,0.350536,0.254979,0.387483,0.268502,0.125196,-0.005369,0.505130,0.229690,0.215536,0.008820,0.155328,0.688149,0.158614,0.119288,0.526090,0.098848,0.596627,-0.067228
0.282681,-0.037630,0.172298,-0.717922,-0.099539,0.258673,-0.140248,-0.035849,-0.121271,0.054624,0.249571,-0.294262,0.603559,-0.291790,-0.274754,-0.195003,-0.084203,-0.582596,0.300742,0.030951,0.146167,0.318825,-0.028684,0.123000,-0.038263,0.156000,0.082410,0.131904,0.355216,0.085241,0.105908,0.103560,0.322882,0.266229,0.306851,0.245596,0.252891,0.317466,0.252294,0.200474
0.213706,-0.053831,0.179923,-0.733608,0.134181,0.281219,-0.360569,-0.218485,-0.276817,0.066240,0.178854,-0.245795,0.569386,-0.241848,-0.370480,-0.071924,-0.227371,-0.435837,0.107024,0.055733,0.214412,0.228833,0.121895,0.170696,0.059882,0.017746,0.129556,0.356197,0.134398,0.153527,0.067515,0.206367,0.388558,0.350021,0.327893,0.173942,0.244123,0.207110,0.339307,0.122262
0.150855,-0.037521,0.304622,-0.601975,0.137059,0.309414,-0.412426,-0.089707,-0.178915,0.019167,-0.016006,-0.408031,0.260099,-0.220558,-0.463829,-0.093660,-0.091491,-0.510920,0.268995,-0.017635,0.259301,0.362417,0.158126,0.112540,0.175152,0.105977,-0.031807,0.271312,0.138430,0.118529,0.153550,0.005011,0.230607,0.343830,0.325399,0.288566,0.315134,0.166429,0.342273,0.038978
0.030472,-0.228638,0.300526,-0.519702,-0.002206,0.529263,-0.528148,-0.081510,0.065524,0.037456,0.049153,-0.487893,0.582101,-0.314446,-0.032439,-0.187137,-0.082335,-0.492163,0.179283,-0.067737,0.149957,0.214917,0.054754,0.238397,0.438736,0.422000,-0.185665,0.145354,0.163995,0.060957,0.364732,0.001893,0.275643,0.241800,0.459400,0.135774,0.283322,0.192936,0.277908,0.146750
0.266960,-0.019156,0.117130,-0.747952,-0.033816,0.281879,-0.272026,-0.108091,-0.262269,0.014419,0.392993,-0.396688,0.464587,-0.324995,-0.389156,-0.229268,-0.146447,-0.517018,0.324405,0.076225,0.200122,0.454077,0.270220,0.147284,-0.133783,-0.069685,0.026985,0.286818,0.425427,0.220851,0.012489,0.076573,0.162907,0.295778,0.192824,0.187328,0.254264,0.219160,0.331192,0.045869
0.184721,-0.123272,0.241508,-0.308081,0.090614,0.342401,-0.309602,-0.064509,-0.149820,0.117608,0.058801,-0.486599,0.468704,-0.231557,-0.315967,-0.157423,-0.086117,-0.430508,0.177960,0.049394,0.244183,0.298261,0.045249,0.145867,0.196749,0.083839,-0.015786,0.117573,0.205012,0.204449,0.020257,0.059813,0.352819,0.113767,0.225418,0.214392,0.243444,0.172688,0.311870,0.089415
0.332765,-0.129071,0.398597,-0.458394,0.045557,0.379412,-0.226550,-0.087908,-0.063757,0.074077,0.013790,-0.505055,0.680463,-0.044556,-0.234946,-0.152827,-0.045615,-0.646706,0.176558,0.088990,0.143338,0.253265,-0.084602,0.160334,0.214373,0.218281,-0.017101,0.156270,0.306838,0.123310,0.030098,0.075563,0.283047,0.167460,0.307824,0.153079,0.334687,0.252320,0.202836,0.116340
0.034119,-0.059457,0.234127,-0.512251,0.155072,0.335060,-0.295566,-0.013508,-0.106697,-0.026465,-0.056970,-0.277483,0.303412,-0.166643,-0.274782,-0.096096,-0.227768,-0.315909,0.120196,0.131613,0.218587,0.193307,0.147663,0.099506,0.323646,-0.008388,0.049773,0.240090,0.110749,0.080800,0.168928,0.033315,0.260028,0.334749,0.312757,0.182882,0.258131,0.114588,0.192727,0.004361
0.040796,-0.061573,0.297426,-0.401884,0.011324,0.356744,-0.442674,0.053767,-0.024483,0.054968,-0.027938,-0.456717,0.327733,-0.127624,-0.191612,-0.080619,-0.232036,-0.419641,0.280115,-0.028340,0.190111,0.197071,0.090097,0.203216,0.291111,0.160024,0.072930,0.193079,0.234794,0.065166,0.212842,-0.114123,0.104456,0.358788,0.292679,0.186222,0.349215,0.138606,0.314998,0.003997
0.054049,-0.001596,0.271219,-0.906348,-0.062138,0.669006,-0.404778,-0.077941,0.018225,0.032649,0.154985,-0.521019,0.615509,-0.709981,-0.073496,-0.455344,0.095423,-0.744744,0.380303,-0.424300,0.033252,0.404347,0.280905,0.266123,0.383124,0.438592,-0.379357,0.383879,0.339231,0.056325,0.426773,0.211933,0.176815,0.341317,0.715041,0.441350,0.311043,0.233584,0.385717,0.370671
0.097095,-0.063972,0.250655,-0.699570,-0.092102,0.535828,-0.593418,-0.273486,-0.094676,-0.005812,0.165387,-0.904087,0.647936,-0.219590,-0.449201,-0.360483,0.000954,-0.580094,0.425896,-0.067569,0.143890,0.414774,0.166628,0.325614,0.282683,0.380436,-0.026073,0.123690,0.116966,0.194935,0.045733,0.038495,0.118244,0.336972,0.412030,0.268441,0.049559,0.226140,0.327029,0.160951
0.183348,0.003333,0.189523,-0.391278,0.003676,0.149674,-0.079081,-0.044779,-0.111918,0.058025,0.067289,-0.247126,0.282965,-0.183160,-0.299042,-0.093065,0.008184,-0.406993,0.224851,0.047492,0.131745,0.286529,0.077272,0.070424,0.021045,0.093256,0.018289,0.180084,0.305934,0.119781,0.052751,0.032092,0.188683,0.150537,0.204842,0.159597,0.227632,0.221784,0.145138,0.041392
0.234938,0.093814,0.291887,-0.686737,-0.112470,0.543162,-0.285384,-0.041444,-0.132763,-0.045445,0.339477,-0.734031,0.580965,-0.371291,-0.496023,-0.264784,-0.207482,-0.798084,0.440639,0.109464,0.169269,0.571080,0.380107,0.236728,-0.002191,0.050703,0.042667,0.234800,0.482317,0.207407,-0.066433,0.023575,0.147485,0.295879,0.293723,0.238557,0.207340,0.083069,0.352710,0.256277
0.230431,-0.026428,0.283343,-1.150177,-0.297904,0.346300,-0.719036,-0.029376,0.105549,0.170168,0.316100,-0.828738,0.742594,-0.659131,-0.293434,-0.437571,-0.132481,-0.681098,0.622474,-0.315149,0.278278,0.583854,0.554228,0.187631,0.415900,0.453285,-0.339641,0.048452,0.347419,0.236829,0.308960,0.141671,0.256589,0.463235,0.513091,0.370129,0.242794,0.196655,0.483233,0.428170
0.160166,-0.037582,0.306331,-0.530121,0.129701,0.573662,-0.496278,-0.021055,-0.062907,0.069739,0.102184,-0.516366,0.454160,-0.123359,-0.192345,-0.035701,-0.245350,-0.468270,0.179093,-0.024878,0.166936,0.185134,0.032753,0.225393,0.182012,0.094201,-0.011858,0.303357,0.154875,0.152028,0.141538,-0.052906,0.065662,0.336961,0.283185,0.077745,0.315392,0.258336,0.313587,-0.049234
0.028293,0.097958,0.315725,-0.670092,-0.069190,0.552088,-0.585502,0.027499,0.060719,0.157541,0.005889,-0.697509,0.592989,-0.257033,-0.503446,-0.232301,-0.146259,-0.597666,0.304874,-0.072189,0.215962,0.344036,0.328513,0.165537,0.298197,0.172049,-0.041013,0.165981,0.197974,0.266032,0.207791,-0.162555,0.109545,0.415226,0.377874,0.243287,0.330800,0.062389,0.182019,0.215585
0.163877,0.088266,0.555543,-0.790990,-0.028395,0.601238,-0.324150,0.133228,0.202920,0.049721,0.212097,-0.960241,0.655699,-0.370199,-0.391791,-0.382621,-0.096318,-0.693932,0.286073,0.046955,0.362096,0.209196,0.495783,0.022335,0.582716,0.304237,-0.145897,0.228155,0.410059,0.340425,0.227979,0.042985,0.277287,0.162664,0.584909,0.492937,0.166544,0.022758,0.191443,-0.076512
0.118229,0.035976,0.207324,-0.706842,-0.003390,0.403530,-0.349979,-0.127587,-0.121131,0.004781,-0.016013,-0.440117,0.623779,-0.127678,-0.322636,-0.146510,-0.261324,-0.520652,0.225417,-0.022662,0.052922,0.191046,0.071334,0.272565,0.138374,0.150479,0.036076,0.179869,0.194990,0.106513,0.115944,0.080454,0.027397,0.343751,0.372523,0.180523,0.318715,0.110654,0.312268,0.141882
0.138097,-0.060744,0.261828,-0.548764,-0.049994,0.404591,-0.340074,0.008536,-0.221902,0.088108,0.306021,-0.415936,0.357590,-0.280856,-0.303124,-0.149579,-0.171733,-0.406029,0.278810,0.075032,0.208158,0.317973,0.221442,0.201503,0.067971,0.028968,-0.040616,0.163117,0.228059,0.093012,0.029165,0.078350,0.217484,0.252539,0.147995,0.119928,0.375713,0.171982,0.248747,0.107458
0.255868,-0.009640,0.306521,-0.573652,-0.037397,0.383185,-0.461436,-0.021197,-0.131967,0.071267,0.246498,-0.574948,0.280826,-0.276777,-0.391847,-0.105643,-0.063834,-0.623771,0.263332,0.042883,0.300562,0.344443,0.320968,0.255131,0.130515,0.102943,-0.112833,0.046140,0.296156,0.168335,-0.070290,0.060469,0.186737,0.326771,0.254523,0.125661,0.385157,0.143945,0.401984,0.054205
0.134850,-0.291277,0.518526,-0.505353,0.002303,0.546569,-0.377358,-0.227227,-0.062464,0.107752,0.072673,-0.581546,0.541488,-0.425167,-0.212051,-0.278340,-0.207471,-0.770094,0.606329,-0.030483,0.186505,0.609115,0.018258,0.127561,0.548871,0.454615,0.080646,0.169468,0.334442,-0.013234,0.285276,0.166676,0.166020,0.323137,0.387045,0.199218,0.343898,0.187322,0.345167,0.153305
0.053968,-0.063494,0.151850,-0.405378,0.023232,0.243676,-0.162382,-0.068433,-0.137134,0.054508,0.066421,-0.266159,0.386022,-0.138975,-0.241200,-0.142123,-0.023112,-0.414816,0.284232,0.049935,0.098130,0.277858,0.131478,0.092511,0.159505,0.046429,-0.092025,0.068316,0.230588,0.073899,0.189523,0.158717,0.161812,0.120691,0.143179,0.229274,0.305470,0.104812,0.204562,0.100511
0.137113,-0.190455,0.363683,-0.299060,0.025012,0.250366,-0.052745,-0.073988,-0.114998,0.047402,0.029267,-0.254939,0.322826,-0.123367,-0.146050,-0.092097,-0.140189,-0.462976,0.172259,0.073317,0.125566,0.122539,0.010679,0.055532,0.256834,0.105854,0.019632,0.136168,0.220504,0.119266,0.054824,-0.054911,0.128206,0.166342,0.238404,0.176195,0.223270,0.127459,0.240574,0.016437
0.186913,-0.161582,0.152052,-0.844671,0.003633,0.270017,-0.496070,-0.192067,-0.229503,0.032365,0.261671,-0.314781,0.578973,-0.344611,-0.266518,-0.221945,-0.280331,-0.499916,0.138017,-0.077852,0.227312,0.290119,0.165037,0.181428,-0.091188,0.039087,0.025590,0.116816,0.259451,0.016691,0.154253,0.162892,0.423237,0.445685,0.279397,0.190006,0.346332,0.311618,0.471871,0.067359
0.041623,0.125502,-0.000150,-1.414378,-0.126241,1.069203,-0.771241,-0.259890,-0.369645,0.465619,0.097443,-1.030405,1.262760,-0.157768,-0.658851,-0.613704,-0.562150,-1.505167,0.499763,-0.298457,0.609742,0.789307,0.353491,0.186003,0.104544,0.319351,-0.383750,0.015169,0.458959,0.261676,0.752925,-0.007960,0.422370,0.760195,0.608806,-0.068848,0.816752,0.215640,1.356045,-0.200159
-0.010948,-0.083719,0.288593,-0.316949,0.034665,0.338280,-0.271948,0.044093,-0.025150,0.168271,0.014299,-0.378341,0.331776,-0.207375,-0.203042,-0.136693,-0.210792,-0.496198,0.279604,-0.037272,0.174716,0.310380,0.177648,0.079278,0.220558,0.153883,-0.015714,0.282641,0.235547,0.107104,0.119190,-0.034253,0.071048,0.248129,0.271902,0.262580,0.357319,0.165853,0.194718,0.159490
0.222346,-0.043544,0.318176,-0.595589,-0.103451,0.239617,-0.254205,-0.094549,-0.231989,0.049329,0.285180,-0.334911,0.366089,-0.345526,-0.371866,-0.188373,-0.051360,-0.566025,0.387705,-0.095447,0.125000,0.486735,-0.046512,0.163879,-0.031703,0.203160,-0.034735,0.048520,0.403180,0.134018,-0.028916,0.104314,0.107286,0.420329,0.241476,0.222804,0.248327,0.300019,0.302006,0.162642
0.218632,0.029678,0.141127,-0.523324,-0.046724,0.487755,-0.536317,-0.184655,-0.002603,0.027478,0.127640,-0.536600,0.340433,0.034597,-0.313702,-0.115084,-0.098943,-0.444388,0.126937,0.049400,0.216715,0.345946,0.217266,0.235190,0.050888,0.177133,-0.065570,0.087660,0.183920,0.153420,0.036854,0.075865,0.153902,0.226032,0.238919,0.131325,0.295507,0.246563,0.390019,0.053715
0.075374,-0.041266,0.109400,-0.663843,-0.188857,0.597837,-0.582090,-0.236800,-0.086266,-0.058693,0.273452,-0.620804,0.643386,-0.145033,-0.348080,-0.290116,-0.065766,-0.332273,0.332079,-0.048867,0.025793,0.342474,0.153377,0.178509,0.136958,0.417779,-0.066688,0.207830,0.205810,0.064058,0.218755,0.121712,0.163063,0.420577,0.368521,0.204686,0.219417,0.203978,0.274288,0.275255
0.100549,-0.141104,0.150499,-0.664390,0.021651,0.418978,-0.336775,-0.173327,-0.250662,0.065074,0.108618,-0.460379,0.436081,-0.069043,-0.493057,-0.245187,-0.315777,-0.470542,0.251027,0.130377,0.178999,0.414767,0.315636,0.109769,0.113454,-0.071153,-0.069763,0.131164,0.249377,0.196667,0.041877,0.063919,0.200607,0.130860,0.008745,0.171626,0.304781,0.089416,0.441897,0.043993
0.340984,-0.101321,0.405001,-0.531441,0.049610,0.420911,-0.163960,-0.085276,-0.119707,0.176263,0.021399,-0.463888,0.720502,-0.235949,-0.257957,-0.270697,-0.082642,-0.736084,0.242651,0.063898,0.211988,0.318778,-0.073696,0.124252,0.285704,0.096706,-0.058423,0.235085,0.365492,0.214359,0.088739,0.020217,0.330488,0.161799,0.396766,0.294054,0.293867,0.327094,0.291291,0.254597
0.153703,0.072257,0.041346,-0.752806,0.120060,0.252404,-0.380255,-0.114178,-0.187929,-0.029589,0.197503,-0.329323,0.481825,-0.284937,-0.295884,-0.052203,-0.137356,-0.385488,0.267336,0.020499,0.171602,0.320141,0.065582,0.179386,0.015406,0.070549,0.063390,0.304073,0.118661,0.104165,0.137743,0.150180,0.249415,0.431518,0.331394,0.116136,0.251126,0.274439,0.269706,0.099289
0.187617,-0.131139,0.191761,-0.697990,0.023340,0.353261,-0.203328,-0.044365,-0.162399,-0.006283,0.264437,-0.434006,0.445298,-0.302220,-0.539877,-0.298839,-0.092296,-0.616528,0.351649,0.254221,0.212902,0.393309,0.432896,0.189227,0.055369,-0.031764,0.105078,0.400079,0.494557,0.269854,0.042140,0.200618,0.148619,0.139738,0.128668,0.357783,0.342520,-0.006756,0.390792,0.068939
0.174495,-0.207858,0.372790,-0.470795,-0.011551,0.356909,-0.312515,-0.064149,-0.025298,0.079689,0.117830,-0.592261,0.635667,-0.357480,-0.177930,-0.259040,-0.000040,-0.756028,0.266619,0.014325,0.266981,0.311655,-0.060477,0.131981,0.326793,0.121756,-0.101238,0.112182,0.243051,0.142995,0.129652,0.003880,0.353015,0.205876,0.372569,0.245349,0.319291,0.276819,0.304789,0.125762
0.365053,-0.107946,0.266773,-0.696063,-0.012009,0.471988,-0.382159,-0.272783,-0.205776,0.114741,0.172658,-0.566578,0.673649,-0.197258,-0.404046,-0.321182,-0.237259,-0.765182,0.266864,0.085972,0.255773,0.494858,0.239256,0.157568,0.116410,0.056941,-0.114994,-0.075814,0.362363,0.311031,-0.013215,0.102620,0.297346,0.125986,0.202115,0.282859,0.329599,0.216033,0.528949,0.104654
0.161419,-0.071153,0.120799,-0.432145,0.051148,0.240483,-0.262210,-0.117261,-0.188918,0.069526,0.075728,-0.311557,0.271963,-0.118796,-0.367889,-0.119003,-0.097415,-0.354892,0.146488,0.066252,0.158489,0.312526,0.216907,0.107703,0.097385,0.016987,-0.039126,0.092061,0.234815,0.153151,0.046077,0.120316,0.214378,0.169515,0.138335,0.118199,0.307606,0.076561,0.314456,-0.007171
0.027839,-0.173469,0.402735,-0.469030,-0.181667,0.536067,-0.208286,-0.299484,-0.137303,0.075031,0.166790,-0.456751,0.380456,-0.203997,-0.356612,-0.257756,-0.132740,-0.750098,0.424601,-0.020128,0.151722,0.565083,0.138030,0.125063,0.316516,0.371959,0.028267,0.111379,0.334214,0.075969,0.214571,-0.029329,0.015717,0.149989,0.281186,0.181868,0.203096,0.072348,0.321948,0.166673
0.196174,0.081487,0.167197,-0.751611,0.038056,0.348109,-0.466708,-0.161729,-0.216114,-0.198470,0.178751,-0.479763,0.549343,-0.385327,-0.477255,-0.192631,-0.104977,-0.725519,0.108807,-0.019583,0.326315,0.561834,0.319347,0.228498,-0.064837,0.012868,0.138414,0.356420,0.301032,0.294413,0.111494,0.043099,0.321191,0.221434,0.366262,0.408255,0.323509,0.157792,0.422231,0.190549
0.025505,-0.120863,0.167714,-0.738221,-0.027154,0.260339,-0.415600,-0.107640,-0.240915,0.129043,-0.050835,-0.425400,0.552285,-0.167266,-0.413312,-0.261249,-0.071605,-0.403661,0.228166,0.037167,0.151730,0.413789,0.080393,0.241089,0.159447,0.340477,-0.104514,0.099107,0.204891,0.010415,0.138807,0.158141,0.255708,0.160199,0.235404,0.229384,0.310145,0.195989,0.279815,0.155766
-0.025890,0.052931,0.197731,-0.453439,0.009957,0.301550,-0.344279,0.023650,-0.081921,-0.066261,0.078563,-0.429050,0.334495,-0.159158,-0.148379,-0.153197,-0.027665,-0.331947,0.285856,-0.065801,0.029023,0.314794,0.131580,0.088554,0.167339,0.214856,0.001249,0.129454,0.170260,-0.002679,0.153207,0.061155,0.192446,0.213645,0.105917,0.155039,0.365673,0.170490,0.263334,0.152764
0.202552,-0.105206,0.315449,-0.533985,-0.045585,0.496882,-0.509201,-0.128736,-0.117157,0.088661,0.130164,-0.678970,0.382719,-0.104829,-0.364442,-0.153645,-0.134999,-0.497068,0.208275,0.118741,0.338807,0.251664,0.215814,0.145892,0.213882,0.091765,-0.048113,0.129774,0.178399,0.178840,0.097695,0.063728,0.178875,0.257849,0.169059,0.195332,0.270445,0.154211,0.282052,0.007034
0.301785,-0.152234,0.526028,-0.660737,-0.127863,0.592452,-0.531313,-0.199808,-0.059962,0.210829,0.310680,-1.000998,0.465349,-0.308842,-0.316615,-0.274861,-0.128732,-0.775365,0.446687,0.203979,0.371577,0.310430,0.261512,0.200070,0.414033,0.293971,-0.204096,0.037382,0.290581,0.263521,-0.015303,0.164373,0.186615,0.418223,0.202188,0.195777,0.269506,0.145082,0.230242,0.100320
0.065991,-0.052945,0.246163,-0.696617,-0.053330,0.197289,-0.389156,-0.002297,-0.144945,-0.022025,0.013614,-0.397198,0.524136,-0.314805,-0.200706,-0.278547,0.058254,-0.550824,0.262213,-0.040774,0.154179,0.321972,0.100102,0.156180,0.110601,0.340540,0.000114,0.048889,0.242929,-0.035850,0.247934,0.164060,0.320949,0.268438,0.142954,0.265492,0.385465,0.253377,0.268616,0.141894
0.076747,-0.172731,0.169371,-0.649950,0.079555,0.373564,-0.272474,-0.090290,-0.102675,0.011734,0.015848,-0.397375,0.435278,-0.142853,-0.409337,-0.161362,-0.208525,-0.532776,0.381552,0.226918,0.155825,0.360796,0.314322,0.085318,0.250084,0.066686,0.042225,0.259414,0.310436,0.148936,0.151818,0.182530,0.232197,0.165780,0.046338,0.304777,0.388396,0.015562,0.257092,0.113370
0.172280,-0.073890,0.227890,-0.629060,0.233591,0.460318,-0.409100,-0.128714,-0.187845,-0.011869,0.065524,-0.319121,0.495390,-0.259700,-0.308700,-0.189579,-0.420300,-0.347715,0.041851,0.060452,0.276020,0.238849,0.081735,0.141793,0.354769,-0.069931,-0.033911,0.221060,0.039218,0.161524,0.121202,0.133673,0.215770,0.490669,0.467694,0.136616,0.306477,0.109065,0.300662,0.183066
-0.221778,0.068581,0.270668,-0.888618,0.003764,1.018280,-0.731416,-0.179778,-0.125332,0.145638,-0.147856,-0.774752,0.959307,-0.084787,-0.486416,-0.331332,-0.239331,-0.776624,0.196065,-0.165749,0.215605,0.379737,0.498464,0.149361,0.558971,0.325164,0.025677,0.189517,0.286661,0.245853,0.443507,-0.069662,0.128349,0.509849,0.607581,0.275215,0.479105,0.163003,0.697298,0.084730
0.023694,0.001322,0.222289,-0.325842,0.018225,0.366107,-0.350296,-0.049395,0.050468,-0.011775,0.037123,-0.503893,0.412918,-0.144692,-0.135656,-0.102627,-0.108927,-0.435863,0.235322,-0.101012,0.102391,0.267926,-0.015496,0.142180,0.314487,0.187096,-0.021758,0.094537,0.162973,0.095677,0.109107,-0.028765,0.148284,0.214389,0.182674,0.067877,0.329029,0.140931,0.270041,0.048691
0.094974,0.054540,0.326222,-0.959547,-0.159844,1.000092,-0.596168,-0.331075,-0.295361,-0.093512,0.026563,-0.730296,0.719998,-0.364661,-0.548991,-0.504065,-0.203411,-0.914851,0.282156,0.013313,0.060863,0.391035,0.515309,0.326760,0.227775,0.015070,-0.055364,0.419660,0.373674,0.134579,0.371971,0.244988,-0.008801,0.567927,0.594983,0.497402,0.153139,-0.192381,0.653229,0.323583
0.347258,-0.135114,0.371520,-0.495586,0.002996,0.508705,-0.455731,-0.093636,-0.174991,0.191534,0.148289,-0.676147,0.510885,-0.150900,-0.438540,-0.154857,-0.095865,-0.619655,0.117447,0.142730,0.442257,0.251627,0.193888,0.152237,0.138260,0.054636,-0.062934,0.095546,0.295166,0.260406,-0.014743,0.103030,0.307931,0.283670,0.217859,0.196295,0.314204,0.168648,0.358739,0.053842
-0.098015,-0.155257,0.320597,-0.208928,0.130168,0.418932,-0.284517,-0.014436,-0.136812,0.159419,0.094745,-0.486543,0.467467,-0.290698,-0.288363,-0.128543,-0.177636,-0.436376,0.036520,0.123133,0.262173,0.156234,0.073430,0.177051,0.210162,0.097095,-0.085161,0.029715,0.195339,0.145579,0.092670,0.073702,0.304874,0.206622,0.148306,0.193017,0.365017,0.131899,0.244245,0.134293
0.091453,-0.162882,0.333138,-0.393541,0.037026,0.447595,-0.357891,-0.028372,-0.027008,0.145479,0.102649,-0.517940,0.397789,-0.139487,-0.348933,-0.178952,-0.358991,-0.494645,0.197881,0.022555,0.164587,0.243459,0.138890,0.141241,0.216790,0.093864,-0.116326,0.225908,0.171463,0.109517,0.069377,0.014907,0.104982,0.208486,0.139529,0.088690,0.406756,0.165955,0.280977,0.168890
0.193744,-0.161016,0.258279,-0.603947,-0.023025,0.302007,-0.156936,-0.087726,-0.115575,0.035248,0.255160,-0.421929,0.639148,-0.127925,-0.395104,-0.177952,-0.192539,-0.590810,0.108027,0.151045,0.204703,0.141728,0.152135,0.182994,0.039047,-0.086230,0.145167,0.207858,0.346602,0.221268,0.088567,0.214016,0.203406,0.240250,0.288277,0.242534,0.339769,0.060550,0.352387,0.059776
0.166578,-0.173696,0.378587,-0.324769,0.147483,0.577851,-0.249456,0.041158,-0.086209,0.327654,0.187765,-0.482971,0.557374,-0.297370,-0.342354,-0.216482,-0.281230,-0.511573,0.187509,0.082695,0.136358,0.281076,0.011749,0.209412,0.166941,0.135934,-0.106621,0.233702,0.254477,0.081994,0.055356,0.102740,0.148922,0.252501,0.194469,0.065621,0.393780,0.131665,0.297462,0.217277
0.091781,0.137462,0.119340,-0.578127,-0.001290,0.206776,-0.289953,-0.005004,-0.090513,-0.032079,0.091192,-0.297457,0.357695,-0.248339,-0.256510,-0.116972,-0.007615,-0.408569,0.293295,-0.096869,0.016946,0.361108,0.095521,0.122255,-0.021800,0.113778,-0.001382,0.232662,0.265967,0.050168,0.089544,0.070517,0.238388,0.363460,0.205485,0.106447,0.245271,0.216915,0.216521,0.152834
0.293713,-0.129703,0.379242,-0.585703,-0.106686,0.520779,-0.270513,-0.168141,0.029919,0.094917,0.287517,-0.543512,0.817736,-0.114515,-0.379267,-0.241696,-0.307429,-0.808358,0.232783,-0.001701,0.197916,0.290317,-0.014146,0.107035,0.211810,0.103444,-0.028835,0.080830,0.249647,0.197985,0.071570,0.036837,0.243270,0.301372,0.360784,0.228065,0.313252,0.237721,0.402661,0.185474
0.012018,-0.183471,0.321562,-0.358068,-0.095586,0.358845,-0.274602,-0.095115,-0.076518,-0.000840,0.174425,-0.448673,0.373166,-0.198454,-0.233992,-0.223006,-0.117092,-0.495813,0.151069,-0.087598,0.135126,0.216659,-0.001418,0.157270,0.184267,0.104036,-0.000906,0.038232,0.205353,0.147941,0.124353,-0.035333,0.111286,0.137499,0.164417,0.084429,0.293863,0.106932,0.311705,0.104301
0.286585,-0.031272,0.412544,-0.490875,-0.022678,0.479901,-0.406122,-0.100337,0.031829,0.013262,0.177156,-0.512256,0.501898,-0.139668,-0.259154,-0.161265,-0.127886,-0.749456,0.255468,0.025128,0.255315,0.217751,0.155983,0.272162,0.176283,0.137967,0.003166,0.217669,0.217524,0.304475,-0.008485,0.015361,0.027102,0.241244,0.368264,0.246945,0.186737,0.078915,0.314700,0.126373
0.054049,0.014917,0.137860,-0.514129,0.068194,0.379604,-0.352379,-0.076025,-0.125022,0.021835,0.085624,-0.440203,0.419921,-0.085740,-0.310160,-0.158508,-0.199695,-0.337316,0.291158,0.002332,0.063295,0.388987,0.146177,0.063104,0.247500,0.126027,-0.056885,0.112402,0.168895,0.133016,-0.034724,0.078383,0.260763,0.163466,0.079233,0.073404,0.337637,0.198987,0.387178,0.104442
0.301804,-0.042290,0.384295,-0.657087,0.051053,0.597806,-0.532995,-0.272183,0.091563,0.041054,0.220237,-0.912650,0.907382,-0.327707,-0.381370,-0.291947,-0.253172,-0.773044,0.344733,0.058819,0.243621,0.327811,-0.054094,0.198163,0.430979,0.279655,-0.020086,0.172949,0.212207,0.212284,0.119639,0.169766,0.341890,0.428481,0.440013,0.121069,0.230327,0.369587,0.433979,0.125079
0.204928,-0.117361,0.313170,-0.385646,0.103398,0.400248,-0.170575,0.115991,-0.083873,0.073576,0.139173,-0.317167,0.390720,-0.219790,-0.289682,-0.074490,-0.181855,-0.405747,0.172548,0.053434,0.161122,0.228739,0.031276,0.148015,0.137536,0.136344,0.024272,0.074441,0.356043,-0.003696,0.132285,0.130734,0.172507,0.319690,0.270256,0.106241,0.404951,0.068304,0.247671,0.097883
0.164497,-0.053941,0.229674,-0.608389,0.077150,0.279671,-0.367604,-0.099305,-0.142805,-0.033583,0.223727,-0.457594,0.435696,-0.355599,-0.380658,-0.182706,-0.248682,-0.415771,0.235912,-0.090685,0.261368,0.355435,0.206901,0.071818,0.147657,0.029764,-0.154502,-0.008595,0.088122,0.231114,-0.093981,-0.027168,0.263987,0.272981,0.275188,0.264229,0.281841,0.155328,0.393699,0.144682
0.031274,-0.093344,0.245589,-0.403103,0.057931,0.335886,-0.223125,-0.056431,-0.023723,-0.029847,0.002937,-0.376449,0.427262,-0.182641,-0.266964,-0.144587,-0.105689,-0.498577,0.271598,0.074750,0.169511,0.308848,0.144961,0.126778,0.277218,0.169617,-0.020824,0.138467,0.222626,0.088379,0.215386,0.134363,0.227687,0.165846,0.167652,0.200344,0.359123,0.010946,0.224990,0.139702
0.122235,-0.087003,0.188592,-0.651235,0.011120,0.229925,-0.188327,-0.024782,-0.124962,-0.012562,0.036462,-0.276856,0.345648,-0.254629,-0.407801,-0.228722,0.051763,-0.557179,0.409223,0.095608,0.160573,0.378562,0.309628,0.097800,0.115388,0.178177,-0.019578,0.197536,0.381523,0.040050,0.125341,0.117099,0.070978,0.291411,0.082517,0.272863,0.321263,0.106927,0.238451,0.095056
0.169086,-0.073875,0.272128,-0.627209,-0.087502,0.571852,-0.453899,-0.030105,-0.223449,0.215214,0.169729,-0.546553,0.363565,-0.113302,-0.432083,-0.158420,-0.212012,-0.522551,0.292266,0.130983,0.307238,0.348017,0.187373,0.260234,0.148765,0.133963,-0.086904,0.181762,0.257025,0.027048,0.089421,0.048223,0.209753,0.228511,0.087921,0.100570,0.348669,0.113569,0.306033,0.077729
0.141314,-0.072886,0.093889,-0.765816,-0.122304,0.504844,-0.397555,-0.082174,-0.205911,0.086945,0.199852,-0.381383,0.621348,-0.137495,-0.327582,-0.205213,-0.249697,-0.393091,0.163212,-0.057499,0.156434,0.272256,0.150138,0.299087,0.042758,0.235914,-0.026920,0.085692,0.311597,-0.020996,0.151880,0.289524,0.154068,0.364200,0.197501,-0.025577,0.414399,0.129801,0.368458,0.148614
0.144556,-0.015516,0.233726,-0.438592,0.011439,0.371432,-0.201508,-0.088009,-0.013471,0.115360,-0.014828,-0.440935,0.453238,-0.206685,-0.195034,-0.124220,-0.106766,-0.540023,0.224234,-0.008646,0.151269,0.282908,0.043308,0.115420,0.266219,0.087382,-0.038496,0.206272,0.246200,0.208435,0.056995,-0.033337,0.236756,0.103235,0.265816,0.220263,0.244517,0.205205,0.233449,0.102155
0.169366,0.109207,0.395929,-0.748079,-0.058597,0.825939,-0.411911,-0.062073,0.165458,-0.037301,0.027075,-0.972497,0.652460,-0.453267,-0.402846,-0.419075,-0.228491,-0.836303,0.356362,-0.050570,0.271324,0.268513,0.319356,0.135833,0.563445,0.259748,-0.235211,0.307915,0.369380,0.037408,0.379784,0.136824,0.186979,0.250006,0.665667,0.452104,0.234677,0.212311,0.419812,0.160043
0.440286,-0.082214,0.433601,-0.645160,0.051937,0.229888,-0.487007,-0.054528,-0.156563,0.444871,0.195897,-0.771263,0.782402,-0.394068,-0.358597,-0.195253,0.090440,-0.951658,0.433051,0.190311,0.498504,0.375925,-0.081171,0.250715,0.540850,0.323109,0.058192,-0.004708,0.212959,-0.022901,0.195487,-0.011946,0.416293,0.436266,0.252112,0.045740,0.336648,0.148387,0.201858,-0.010862
-0.045007,0.040296,0.258908,-0.702761,0.108650,0.300392,-0.470383,-0.050613,-0.061168,-0.074949,-0.073142,-0.296861,0.324291,-0.152251,-0.287208,-0.140946,-0.321652,-0.479888,0.268019,-0.053194,0.157077,0.210609,0.275841,0.174681,0.322234,0.072963,0.025829,0.237888,0.130614,0.154205,0.151976,-0.032694,0.205049,0.480073,0.205304,0.133997,0.364213,0.070555,0.345667,0.091234
-0.018772,0.053904,0.191877,-0.647956,0.044906,0.356972,-0.330902,0.062750,-0.172251,0.049556,-0.043971,-0.499786,0.405597,-0.152065,-0.226558,-0.149285,-0.065860,-0.485996,0.341790,-0.072908,0.075669,0.444612,0.180940,0.106565,0.181837,0.192517,0.073349,0.252522,0.254310,0.088937,0.064439,-0.004299,0.279186,0.235372,0.091970,0.213823,0.507364,0.221169,0.256742,0.188141
0.136468,-0.027459,0.193427,-0.234984,0.079868,0.286226,-0.183678,-0.030538,-0.012534,0.063505,-0.002130,-0.281006,0.319542,-0.086941,-0.189038,-0.050300,-0.046477,-0.361027,0.167217,0.034692,0.109569,0.228209,0.005095,0.093158,0.207838,0.099579,-0.021322,0.224080,0.172281,0.080199,0.066278,0.071588,0.131960,0.171108,0.208003,0.071195,0.292250,0.122240,0.171847,0.045169
0.001366,0.091609,0.371169,-0.480714,0.057019,0.420849,-0.469609,0.142859,0.014425,0.078554,0.098067,-0.692705,0.553199,-0.290691,-0.186685,-0.266909,-0.135274,-0.637856,0.519592,-0.155854,0.143818,0.407235,0.205262,0.096035,0.590125,0.268964,-0.041609,0.213273,0.166604,-0.002793,0.042603,0.037986,0.137756,0.545539,0.500403,0.331436,0.262755,0.026311,0.373884,0.205688
0.047953,-0.036948,0.221439,-0.425376,0.102212,0.258562,-0.334687,-0.082109,0.002684,-0.025586,-0.000265,-0.314630,0.300030,-0.175832,-0.220528,-0.094517,-0.206455,-0.391837,0.177378,-0.012351,0.170832,0.203744,0.136876,0.132221,0.283079,0.092813,0.009277,0.149046,0.121172,0.144449,0.083391,-0.009179,0.220987,0.272967,0.156678,0.068494,0.338481,0.094996,0.276960,0.077398
-0.067202,0.089306,0.306965,-0.630370,0.023791,0.374073,-0.559939,0.012462,-0.124108,0.039794,-0.046488,-0.540630,0.379517,-0.090067,-0.324198,-0.095278,-0.271595,-0.460238,0.293122,-0.064094,0.190468,0.223398,0.175026,0.140026,0.322059,0.150812,0.027456,0.332263,0.118261,0.120907,0.185796,-0.131462,0.061603,0.397881,0.233125,0.182426,0.427767,0.235325,0.291892,0.060326
0.229933,-0.266482,0.437073,-0.455621,-0.001327,0.500939,-0.381256,-0.061882,-0.045625,0.134375,0.166251,-0.566586,0.655622,-0.241050,-0.103381,-0.187001,-0.062184,-0.831809,0.171103,-0.193305,0.135692,0.237455,-0.243141,0.318197,0.344446,0.186729,-0.059213,0.041225,0.262743,0.189966,0.080941,-0.103607,0.126138,0.254607,0.361699,0.251743,0.443821,0.114266,0.388656,0.060868
0.210162,-0.113649,0.204706,-0.736083,-0.134827,0.192462,-0.375354,-0.106335,-0.240973,0.105390,0.201059,-0.405707,0.441220,-0.426755,-0.429711,-0.222134,-0.051048,-0.687207,0.166266,-0.023249,0.287419,0.303193,0.185421,0.358901,-0.072747,0.178886,-0.012543,0.072931,0.280372,0.183762,0.067187,0.274974,0.162685,0.324390,0.269881,0.251257,0.255093,0.136558,0.299308,0.053392
0.044050,-0.125230,0.292494,-0.755801,0.013521,0.701594,-0.487800,-0.107541,-0.179154,-0.093532,0.101056,-0.654589,0.674322,-0.211574,-0.450631,-0.230283,-0.226479,-0.879555,-0.052262,-0.002001,0.432711,0.395179,0.407507,0.396802,0.178316,-0.131819,0.074502,0.228498,0.280520,0.310466,0.085246,0.002684,0.284802,0.240568,0.280318,0.357870,0.566438,0.009303,0.304025,0.233849
0.162451,-0.163322,0.268334,-0.412929,0.043216,0.243989,-0.110560,-0.093398,-0.025331,0.052184,-0.025961,-0.283321,0.368404,-0.116776,-0.240988,-0.108362,-0.019483,-0.567571,0.227147,0.084207,0.218101,0.197256,0.092968,0.127690,0.348224,0.128034,-0.014979,0.150370,0.254775,0.088792,0.263757,0.092117,0.170025,0.166714,0.280736,0.210278,0.294897,0.011572,0.150893,0.073178
0.004865,0.009626,0.137292,-0.426456,0.089204,0.305065,-0.318290,-0.085116,-0.096089,-0.004743,0.032247,-0.363360,0.377596,-0.109549,-0.270198,-0.125784,-0.112827,-0.341257,0.260688,0.025428,0.042897,0.348454,0.126280,0.108770,0.258925,0.159516,-0.039527,0.149601,0.175182,0.103459,0.034545,0.134555,0.219867,0.139083,0.052984,0.101761,0.325469,0.115419,0.308419,0.114333
0.672437,0.032878,0.832469,-1.015221,0.260146,0.604383,-0.837223,-0.152677,-0.187758,0.381335,0.295951,-1.183105,1.136365,-0.203636,-0.570903,-0.400764,-0.254330,-1.288413,0.645040,-0.014344,0.484466,0.362447,0.250267,0.214452,0.570982,0.442563,-0.099044,-0.098857,0.337137,0.564923,0.168400,0.043241,0.312827,0.601170,0.064547,0.291768,0.512873,-0.011548,0.321294,-0.334621
0.383969,0.039668,0.577983,-0.511229,-0.018968,0.362937,-0.229260,-0.004955,-0.053206,0.153622,0.265254,-0.734143,0.525807,-0.229019,-0.474384,-0.193323,-0.128890,-0.836020,0.226856,0.181996,0.469172,0.384911,0.130549,0.184833,0.136401,0.002965,-0.010666,0.278727,0.418784,0.245559,-0.073809,-0.078564,0.305034,0.115639,0.277637,0.294558,0.133466,0.100994,0.270340,0.042676
0.237684,-0.080053,0.337489,-0.589655,0.022064,0.570497,-0.471110,-0.164558,-0.069500,0.148966,0.229640,-0.671997,0.687222,-0.097295,-0.511405,-0.172219,-0.303553,-0.591906,0.244155,0.171668,0.155033,0.268206,0.098076,0.143228,0.327112,0.154882,-0.004903,0.350535,0.213539,0.127838,0.133799,0.230284,0.075858,0.470082,0.419433,0.006650,0.215818,0.304767,0.407468,0.016052
0.146191,0.058016,0.146297,-0.339928,0.072817,0.285974,-0.182528,-0.049905,-0.094987,0.104529,0.078136,-0.275634,0.298970,-0.050024,-0.245791,-0.044481,-0.086760,-0.335661,0.171491,0.075197,0.061135,0.225623,0.127726,0.077208,0.074562,0.016248,-0.010435,0.318520,0.194806,0.071498,-0.030678,0.177591,0.058526,0.288929,0.229930,0.007097,0.277264,0.131645,0.202934,0.044371
0.082185,-0.110785,0.210661,-0.359352,0.041458,0.354955,-0.257364,-0.078013,-0.013785,0.060538,0.019327,-0.459118,0.400539,-0.216372,-0.219634,-0.111632,-0.126267,-0.460061,0.201759,0.017318,0.165399,0.251445,0.030989,0.129620,0.278846,0.108975,-0.032242,0.103687,0.135166,0.149827,0.055627,0.019385,0.214653,0.124362,0.165494,0.127441,0.312307,0.146562,0.235763,0.090940
0.197258,-0.061268,0.236645,-0.322669,0.016516,0.333125,-0.123421,-0.057453,-0.076156,0.118563,0.010898,-0.144011,0.212996,0.075797,-0.256164,-0.149588,-0.175854,-0.368643,0.179071,0.029316,0.118275,0.123400,0.130338,0.014248,0.271049,-0.016814,0.006935,0.214001,0.195417,0.089873,0.007885,0.063957,0.004218,0.298266,0.255222,-0.008804,0.275759,0.005264,0.205546,-0.041994
0.142866,-0.112997,0.282549,-0.230834,0.079957,0.344231,-0.235988,-0.009757,0.029998,0.077535,-0.041680,-0.389278,0.401448,-0.151015,-0.184256,-0.073929,-0.055979,-0.460819,0.148260,0.025722,0.184426,0.216780,-0.071343,0.154440,0.297472,0.128802,-0.031994,0.178302,0.164926,0.071019,0.130505,0.022327,0.152762,0.188473,0.266099,0.137244,0.316882,0.156958,0.181493,0.056308
0.162491,-0.139746,0.289568,-0.352864,0.071153,0.347817,-0.270522,-0.140548,-0.229626,0.136198,0.027437,-0.460335,0.448728,-0.233997,-0.270526,-0.149618,-0.092451,-0.481781,0.159705,0.108915,0.194524,0.219182,0.127609,0.119334,0.183571,0.084538,-0.000114,0.087734,0.190954,0.232278,-0.000587,0.125043,0.225580,0.077776,0.153156,0.260487,0.196021,0.106891,0.303048,0.072737
0.232088,0.098737,0.407060,-0.853359,-0.154142,0.920121,-0.608089,0.062514,0.277759,0.124782,-0.006689,-1.131957,0.695755,-0.439930,-0.531291,-0.228858,-0.021331,-0.684741,0.314848,-0.108423,0.144646,0.285537,0.467370,0.295014,0.461524,0.492180,-0.239457,0.222167,0.298623,0.099082,0.260687,0.076171,0.180443,0.362968,0.532392,0.428961,0.341892,0.088441,0.521526,0.218801
0.261199,0.229822,0.210325,-0.712988,-0.115002,0.796257,-0.474499,-0.093211,0.123693,0.020012,0.008559,-0.652022,0.460130,-0.552225,-0.183370,-0.257595,0.059908,-0.720550,0.416921,-0.270834,0.098182,0.287296,0.404085,0.082387,0.340545,0.491049,-0.403252,0.338960,0.204812,0.010132,0.381074,0.233927,0.256628,0.440984,0.686633,0.355344,0.278574,0.132292,0.536901,0.227637
0.155294,-0.242069,0.348377,-0.516362,0.045369,0.252802,-0.069123,-0.095190,-0.043948,0.067945,0.041021,-0.287220,0.328814,-0.097650,-0.330555,-0.128050,-0.172419,-0.617307,0.165796,0.169739,0.363302,0.145019,0.217337,0.113697,0.337563,0.025423,0.131228,0.184436,0.298440,0.118749,0.250224,0.073308,0.217056,0.201049,0.277261,0.297803,0.272012,0.008592,0.224683,-0.073659
0.266905,-0.107928,0.521803,-0.753904,0.133764,0.616788,-0.570722,-0.075931,-0.086323,0.223746,0.260932,-0.816466,0.704476,-0.251196,-0.541075,-0.344000,-0.357476,-0.636459,0.264847,0.200943,0.349554,0.214155,0.102240,0.098817,0.337122,0.034635,-0.013253,0.298704,0.214101,0.232187,0.184723,0.057238,0.384473,0.430138,0.251440,0.089006,0.343799,0.219444,0.246785,-0.058441
0.307182,-0.142082,0.552564,-0.661011,0.002925,0.409324,-0.174491,-0.241795,-0.089065,0.172096,0.024217,-0.311479,0.315774,-0.013535,-0.476777,-0.140325,-0.079605,-0.778191,0.200121,0.073659,0.348788,0.354867,0.291704,0.305783,0.261184,0.173485,0.142574,0.144347,0.429837,0.079210,0.124739,0.162188,0.046048,0.367511,0.304749,0.135016,0.350679,-0.083004,0.338254,-0.039738
-0.501769,-0.512102,0.804445,-4.552313,1.395023,1.021428,-2.040875,-2.657945,-0.675607,-0.168714,0.568400,-1.064721,4.051855,-1.848531,-3.567656,-1.460714,-1.220682,-5.232065,2.962807,-0.014816,3.468265,2.253524,0.240771,-0.371861,1.767189,1.422936,-0.515268,2.246579,0.989848,0.083771,0.497375,0.276793,1.098588,2.372109,1.779896,0.344135,1.278770,-0.543140,1.320553,0.379689
0.020512,-0.027245,0.177974,-0.734638,-0.108785,0.403461,-0.442988,-0.007063,-0.082338,-0.041337,0.202792,-0.572756,0.574510,-0.273757,-0.284962,-0.180254,-0.130644,-0.524806,0.143263,0.059342,0.317170,0.249305,0.211134,0.223284,0.216956,0.208486,-0.024338,0.006068,0.219882,0.122486,0.188287,0.104140,0.285630,0.357895,0.214736,0.193636,0.267154,0.099286,0.327460,0.021646
0.226747,-0.053071,0.216932,-0.309117,0.127250,0.262003,-0.110914,-0.066364,-0.119813,0.034442,0.020973,-0.255707,0.359563,-0.024975,-0.231791,-0.102046,0.003830,-0.416093,0.151618,0.057666,0.069574,0.175814,0.014189,0.113298,0.097754,0.017971,0.036824,0.238318,0.200917,0.034760,0.006561,0.130697,0.083554,0.209248,0.240082,0.051344,0.272230,0.180167,0.172015,0.072290
0.234891,-0.130686,0.219747,-0.722298,-0.049483,0.445616,-0.499763,-0.104971,-0.343431,0.126855,0.184006,-0.582749,0.502371,-0.154888,-0.481246,-0.290802,-0.209002,-0.590916,0.326221,0.113632,0.299177,0.479894,0.254486,0.119044,0.145560,0.112986,-0.061698,0.174775,0.352383,0.076429,0.065636,0.034682,0.330871,0.235538,0.228095,0.288816,0.314352,0.166955,0.410814,0.057427
0.111779,-0.052496,0.239454,-0.330627,-0.020178,0.250828,-0.234360,0.050420,-0.070011,0.033745,0.097922,-0.279506,0.234314,-0.088399,-0.174203,-0.167837,-0.230428,-0.366681,0.256085,-0.125232,0.155419,0.237280,0.039454,0.088036,0.218178,0.132674,-0.023121,0.148430,0.216674,0.098056,0.076826,-0.113656,0.047178,0.242835,0.194518,0.185138,0.205367,0.048147,0.210029,0.103305
0.322269,0.031959,0.475194,-0.879463,-0.152759,0.359520,-0.342676,0.080145,0.130522,-0.040110,0.374083,-0.702090,0.590077,-0.421927,-0.443122,-0.357284,-0.205704,-0.861061,0.447528,0.084212,0.466869,0.463028,0.403902,0.035008,0.404765,0.088230,-0.018130,-0.000015,0.401767,0.451938,0.087021,0.070676,0.235180,0.338075,0.214239,0.190159,0.267003,0.027668,0.330741,0.019534
0.247412,-0.002874,0.483134,-0.526735,-0.083422,0.604722,-0.311298,-0.153817,-0.139356,0.123975,0.128645,-0.826841,0.739316,-0.313078,-0.445229,-0.392460,-0.068611,-0.978940,0.406914,0.145637,0.307260,0.578769,0.309361,0.164092,0.200648,0.222280,-0.066341,0.099122,0.432408,0.376376,0.041719,0.183120,0.037859,0.225836,0.203304,0.459843,0.265143,0.083204,0.468350,0.234438
0.085311,0.230390,0.559089,-0.811046,0.071205,0.715870,-0.790073,0.127334,0.061185,0.111297,0.122942,-0.716405,0.636044,-0.217523,-0.532759,-0.298355,-0.075974,-0.699311,0.278111,0.008032,0.373176,0.283402,0.612390,0.197609,0.428661,0.265456,-0.040820,0.647060,0.285190,0.353075,0.183032,-0.033827,0.035161,0.600343,0.784639,0.354200,0.377075,0.027354,0.209313,0.284813
0.037471,-0.051674,0.145403,-0.709258,-0.019699,0.772718,-0.708094,-0.136669,0.114188,0.141645,-0.032716,-0.800662,0.730578,-0.381603,-0.219037,-0.308991,-0.149086,-0.477080,0.229944,-0.154025,0.058369,0.397133,0.345532,0.110142,0.547747,0.506307,-0.370460,0.337923,0.157998,0.183607,0.303392,0.140478,0.376312,0.199033,0.569000,0.269939,0.156232,0.251370,0.435221,0.265695
0.189970,0.012824,0.230657,-0.289940,0.090236,0.289216,-0.152969,-0.032776,-0.029163,0.094734,0.008334,-0.262416,0.326915,-0.063975,-0.223195,-0.048341,-0.028644,-0.392842,0.167796,0.048232,0.108698,0.233977,0.030385,0.074492,0.172346,0.099044,0.015457,0.271013,0.197463,0.063211,0.050395,0.093400,0.131998,0.220169,0.251780,0.081733,0.300730,0.145651,0.171510,0.045411
0.115115,0.013830,0.444294,-1.389705,-0.187026,0.762177,-0.844093,-0.255463,0.090989,0.032649,0.449775,-0.670864,0.815253,-0.371708,-0.501257,-0.467811,-0.316549,-0.644965,0.518293,-0.083183,0.376526,0.469263,0.377587,0.145188,0.357195,0.489369,-0.177295,0.177420,0.267601,0.163349,0.394745,0.139781,0.335453,0.532810,0.529608,0.302671,0.140732,0.345078,0.426325,0.518651
0.202614,-0.000699,0.139848,-0.567805,-0.009380,0.280376,-0.231492,-0.084218,-0.147227,0.059114,0.080712,-0.397759,0.454275,-0.160048,-0.271624,-0.207853,-0.157384,-0.463896,0.294698,0.011017,0.127706,0.378857,0.157839,0.083342,0.081009,0.048650,-0.082258,0.137860,0.362119,0.182189,0.034482,-0.029287,0.255518,0.179850,0.181073,0.182886,0.251032,0.216474,0.342684,0.082681
0.048309,-0.088551,0.195892,-0.610576,-0.057075,0.273221,-0.227918,-0.010225,-0.109586,0.002474,0.096381,-0.327114,0.401426,-0.228285,-0.234924,-0.184473,-0.033310,-0.490843,0.391659,0.040913,0.109787,0.371409,0.123635,0.016835,0.060671,0.205172,0.022192,0.183096,0.316104,0.004910,0.119705,0.083702,0.224776,0.239173,0.073056,0.249859,0.360790,0.223409,0.222056,0.152953
-0.065896,-0.048430,0.380067,-0.947929,0.155521,0.524375,-0.532849,-0.175961,-0.288757,-0.026679,-0.125786,-0.375582,0.454882,-0.066689,-0.532709,-0.140408,-0.369700,-0.748622,0.127474,-0.052814,0.259389,0.302780,0.366415,0.111212,0.120911,-0.012324,-0.037217,0.175781,0.271057,0.192368,0.267489,-0.243774,-0.005408,0.602198,0.426023,0.247158,0.485470,-0.140808,0.285311,0.193458
-0.132249,0.011483,0.179937,-0.611814,0.031996,0.492043,-0.360951,-0.038483,-0.181582,0.004661,-0.123788,-0.373225,0.356963,-0.157624,-0.384888,-0.095316,-0.181499,-0.609982,0.212006,-0.031863,0.174480,0.329924,0.348813,0.038993,0.176837,0.053119,0.007683,0.240825,0.157302,0.149652,0.240289,-0.142297,0.047079,0.426061,0.273968,0.325036,0.372430,-0.019059,0.190792,0.151382
0.339378,-0.036818,0.338595,-0.537643,0.074056,0.298476,-0.261172,0.011152,-0.034418,0.078654,0.079855,-0.487224,0.617263,-0.184536,-0.228370,-0.064080,-0.020133,-0.612695,0.140359,0.055211,0.231004,0.240308,-0.025081,0.142186,0.192783,0.166089,-0.036340,0.127596,0.308166,0.048593,0.062247,0.045950,0.322752,0.240619,0.363093,0.143382,0.295680,0.299181,0.249121,0.098110
0.113420,0.048963,0.184527,-0.545944,0.013899,0.238216,-0.421239,-0.076254,-0.129815,0.065783,0.176291,-0.327462,0.273554,-0.242544,-0.355489,-0.092021,-0.187976,-0.534027,0.163483,0.004806,0.239547,0.219803,0.131091,0.245009,0.097378,0.101666,-0.041487,0.085323,0.118862,0.154698,0.035727,0.094512,0.235383,0.359877,0.282109,0.096318,0.271503,0.207618,0.291918,0.067248
0.080723,-0.048734,0.317984,-0.567808,0.188484,0.513177,-0.433522,-0.032082,-0.089350,0.046732,-0.047377,-0.439748,0.489960,-0.197250,-0.283512,-0.076962,-0.275684,-0.438157,0.081562,0.172673,0.405850,0.158435,0.106831,0.214945,0.341380,0.005721,0.020848,0.163505,0.231029,0.117911,0.200206,-0.062096,0.310772,0.402350,0.342465,0.112849,0.360089,0.160652,0.270869,0.031457
0.195320,-0.071850,0.191917,-0.485216,0.021297,0.250672,-0.091330,-0.046761,-0.121950,0.078473,-0.003679,-0.214510,0.407625,-0.113648,-0.253947,-0.156078,0.051405,-0.523890,0.313614,0.063642,0.138213,0.296611,0.080176,0.104386,0.218628,0.152363,-0.063394,0.242213,0.313038,0.068950,0.208883,0.104644,0.161151,0.135025,0.255450,0.220483,0.332079,0.163477,0.151024,0.107674
-0.050166,-0.016882,0.408250,-0.654066,0.096745,0.776713,-0.772130,-0.134847,-0.043363,0.156787,-0.192011,-0.922187,0.735281,-0.305926,-0.536296,-0.262893,-0.260862,-0.997581,0.370391,-0.000990,0.281667,0.446258,0.111942,0.210388,0.443115,0.254594,0.052560,0.291635,0.212763,0.232716,0.334681,-0.136632,0.100025,0.546883,0.531659,0.392030,0.406988,0.138189,0.452236,0.235046
0.373564,0.045447,0.201652,-0.691660,0.032390,0.344846,-0.359178,-0.123428,-0.234105,0.137067,0.010582,-0.250809,0.509081,-0.146753,-0.474238,-0.198306,0.001540,-0.749848,0.135758,-0.060735,0.147465,0.508132,0.301561,0.271536,-0.083691,0.167304,-0.087936,0.165001,0.510263,0.153534,0.087910,0.257118,0.256308,0.304379,0.289634,0.111523,0.486347,0.148415,0.406624,0.190896
0.175462,0.118551,0.172216,-1.082739,-0.090254,0.370720,-0.633659,-0.075294,-0.139197,0.005905,0.137043,-0.573109,0.469328,-0.199566,-0.608136,-0.230878,0.027413,-0.614946,0.471616,0.051043,0.365012,0.386823,0.266791,0.335833,0.131796,0.304402,-0.114200,0.235153,0.216034,0.090972,0.182643,0.161439,0.112831,0.635522,0.386397,0.217021,0.300278,0.156334,0.340212,0.181555
0.473707,0.172450,0.574509,-1.057591,0.263778,0.680786,-1.048117,0.111768,-0.031680,0.365525,0.181773,-0.911550,0.974321,-0.256976,-0.321846,-0.265477,-0.323032,-1.079643,0.960216,-0.301107,0.350004,0.567921,0.331349,0.260665,0.597442,0.491077,-0.004662,0.157681,0.259761,0.342627,0.238396,0.214553,0.424075,0.795680,0.273833,0.159203,0.635623,-0.035259,0.612565,0.100125
0.160949,0.135110,0.249501,-0.857255,-0.026357,0.680486,-0.609810,-0.049086,0.022446,-0.036041,0.102522,-0.677961,0.659196,-0.323540,-0.352587,-0.310666,0.075574,-0.284005,0.320793,-0.100535,0.050561,0.412941,0.518679,0.166128,0.227673,0.223312,-0.273694,0.327555,0.192874,0.107707,0.242060,0.285812,0.219165,0.474210,0.535068,0.254863,0.125392,0.268419,0.647558,0.218161
0.043878,-0.083783,0.374232,-0.736732,0.107007,0.303435,-0.581699,-0.017596,0.097605,0.052458,-0.041677,-0.743066,0.527570,-0.374780,-0.267954,-0.244089,0.079940,-0.823718,0.346938,0.049678,0.308496,0.323475,0.093344,0.204648,0.547829,0.365840,-0.033015,0.218230,0.186874,0.069092,0.338510,-0.063203,0.213450,0.410320,0.537309,0.306595,0.344150,0.129605,0.332223,0.075676
0.404940,-0.107523,0.433673,-0.611483,0.039436,0.466472,-0.191510,-0.097319,-0.107017,0.149097,0.113359,-0.485257,0.837736,-0.266971,-0.295711,-0.277038,-0.122665,-0.875796,0.188473,0.067644,0.268152,0.303971,-0.060286,0.138903,0.235685,0.053054,-0.054269,0.225620,0.339900,0.254943,0.068606,0.028546,0.428216,0.184946,0.431096,0.305672,0.336704,0.320848,0.357969,0.269837
0.168162,-0.069577,0.285405,-0.253405,0.100541,0.269326,-0.191368,-0.105171,-0.069202,0.074892,-0.009618,-0.341428,0.350687,-0.138915,-0.164037,-0.049745,-0.060876,-0.362313,0.153992,0.000820,0.027151,0.142156,0.000551,0.064378,0.185792,0.068728,-0.019311,0.171463,0.127379,0.138521,-0.108342,-0.016362,0.076580,0.232241,0.246994,0.078292,0.187279,0.209422,0.202559,0.066166
0.099990,0.008351,0.462703,-0.758925,0.166877,0.926327,-0.583158,-0.149844,-0.305441,0.014049,0.346496,-1.092367,1.102416,-0.293310,-0.789668,-0.372087,-0.269979,-0.989968,0.580928,0.074364,0.304209,0.624439,0.461571,0.249415,0.261598,0.312994,0.077694,0.228763,0.356064,0.304955,-0.061210,0.122288,0.281904,0.352196,0.505774,0.465415,0.382778,0.238156,0.778904,0.204548
0.278199,0.094882,0.141276,-0.499831,0.087732,0.339458,-0.302356,-0.003161,-0.151447,0.054468,0.131697,-0.394735,0.474765,-0.148979,-0.254762,-0.072723,-0.060648,-0.400528,0.175217,0.023673,0.170954,0.267930,0.065416,0.127037,0.036732,0.076406,-0.011868,0.260368,0.279613,0.093857,-0.010389,0.146423,0.262086,0.251533,0.332731,0.086119,0.250803,0.223598,0.283727,0.074801
0.167913,-0.082892,0.185440,-0.418320,-0.006306,0.393535,-0.286251,-0.093735,-0.107753,0.097453,0.190918,-0.447228,0.332199,-0.096480,-0.302143,-0.098032,-0.204739,-0.389358,0.175077,0.041313,0.167707,0.223608,0.177937,0.073702,0.082088,-0.041526,-0.094489,0.164326,0.170141,0.131486,-0.024498,0.044400,0.130717,0.202574,0.115993,0.045872,0.291729,0.165894,0.261569,0.037110
0.168617,-0.094800,0.259121,-0.392074,0.042431,0.267320,-0.245066,-0.094004,-0.049291,0.037818,0.066351,-0.394451,0.315360,-0.279703,-0.311272,-0.117785,-0.079257,-0.508221,0.170535,-0.009160,0.266313,0.298429,0.096810,0.141802,0.190911,0.043969,-0.003137,0.133026,0.229077,0.194878,0.089377,0.017718,0.210514,0.171179,0.297836,0.210808,0.263732,0.128161,0.254145,0.031879
0.020923,0.070147,0.398843,-0.843496,0.162032,0.356154,-0.504404,-0.073356,-0.061001,-0.008556,0.013605,-0.267220,0.736008,-0.360092,-0.261909,-0.219645,-0.292452,-0.757342,0.138275,-0.136257,0.136719,0.338198,0.161988,0.203595,0.127737,0.086472,0.027281,0.188988,0.181132,0.132804,0.122261,0.173953,0.427498,0.543825,0.375344,0.354893,0.429269,0.126045,0.482157,0.262339
0.125959,0.126945,0.198821,-0.566339,0.103801,0.251760,-0.285371,0.067170,-0.220216,0.065520,0.042049,-0.250150,0.377282,-0.298712,-0.212455,-0.223057,0.060256,-0.528248,0.366182,-0.110294,0.157617,0.374052,0.068896,0.220677,0.114928,0.137008,-0.029023,0.289160,0.157601,-0.109939,0.265478,0.174520,0.238637,0.361213,0.300385,0.273517,0.282268,0.258470,0.180467,0.201903
0.138106,-0.086536,0.338191,-0.659154,0.051715,0.255835,-0.321825,-0.129561,-0.013015,0.109987,-0.002469,-0.468869,0.242952,-0.206148,-0.412260,-0.173979,0.029878,-0.624966,0.349211,0.120148,0.297185,0.342436,0.254007,0.184643,0.431783,0.206945,0.111938,0.220727,0.236644,0.083635,0.287752,0.058396,0.056617,0.275856,0.374023,0.317757,0.213247,0.097352,0.202029,-0.004751
0.145388,0.022764,0.332710,-0.808652,0.076098,0.400030,-0.721272,-0.247532,-0.269818,0.082003,-0.073715,-0.396248,0.485362,-0.030173,-0.335780,-0.066313,-0.390168,-0.693063,0.195827,-0.034863,0.176175,0.281235,0.236903,0.239935,0.261865,0.224271,-0.041289,0.185831,0.384637,0.134697,0.315368,0.151403,0.301829,0.715218,0.232003,0.135696,0.460803,0.193312,0.602929,0.071547
0.194452,-0.015681,0.104919,-0.320119,0.075580,0.223915,-0.247058,-0.103621,-0.194163,0.026920,0.045078,-0.267082,0.384459,-0.151034,-0.253502,-0.079737,0.020391,-0.307594,0.190700,0.102031,0.033917,0.187033,0.095101,0.154501,0.065609,0.105501,0.009700,0.231734,0.175283,0.104221,-0.066317,0.177182,0.120126,0.170018,0.277769,0.090359,0.197178,0.137866,0.198220,0.058044
0.250221,-0.065963,0.245960,-0.783927,-0.067528,0.427504,-0.409515,-0.140107,-0.148353,0.173589,0.251840,-0.597568,0.600264,-0.227123,-0.570949,-0.302020,-0.163276,-0.642463,0.460911,0.126797,0.307376,0.323238,0.188958,0.049537,0.208053,0.182886,0.040953,0.329257,0.324655,0.133584,0.231213,0.008004,0.282586,0.395309,0.412986,0.239522,0.271559,0.215321,0.251644,0.063931
0.171556,0.009539,0.169215,-0.601005,0.030882,0.418828,-0.272488,-0.023625,-0.113112,0.137308,0.022990,-0.497498,0.548837,-0.201694,-0.242184,-0.223484,-0.191747,-0.548163,0.366900,0.009206,0.098223,0.416275,0.144340,0.098762,0.199869,0.084581,-0.093487,0.139544,0.347103,0.200433,0.023692,-0.029110,0.335468,0.140287,0.250671,0.231712,0.308895,0.236509,0.342487,0.177890
0.185588,0.128682,0.308768,-0.783195,0.059836,0.472434,-0.435426,-0.164831,-0.012379,0.089391,0.027006,-0.571534,0.359903,-0.187724,-0.582228,-0.164480,0.014325,-0.900304,0.527667,0.139748,0.375206,0.289685,0.184809,0.136321,0.326876,0.271723,0.012035,0.277214,0.196030,0.190607,0.114979,0.008973,0.039614,0.492784,0.568742,0.434112,0.166676,0.156170,0.227103,0.169142
0.134307,-0.142725,0.409745,-0.784678,0.009418,0.488886,-0.472978,-0.123650,-0.159763,0.048076,0.152092,-0.770676,0.350720,-0.287608,-0.571042,-0.255549,-0.091398,-0.669045,0.493414,-0.005530,0.268184,0.411787,0.470321,0.289569,0.363891,0.119207,-0.018134,0.084338,0.176281,0.217218,-0.027036,-0.042704,0.056294,0.422438,0.209840,0.351118,0.144185,0.091903,0.434061,0.132284
0.043178,-0.180927,0.224846,-0.607423,-0.029107,0.322246,-0.214992,-0.098856,-0.107537,0.055642,0.148260,-0.401042,0.313730,-0.069183,-0.434968,-0.159467,-0.313685,-0.497264,0.298798,0.127598,0.165921,0.308395,0.318838,0.059794,0.078824,-0.089883,0.006047,0.247989,0.281040,0.173684,0.028721,-0.027411,0.129619,0.202596,-0.014961,0.139745,0.307564,0.109947,0.323252,-0.005911
0.187658,-0.062474,0.271204,-0.515462,0.059091,0.366444,-0.323799,-0.158141,-0.090050,0.063326,0.085955,-0.440207,0.333710,-0.128174,-0.366593,-0.098889,-0.147190,-0.487998,0.146386,0.013589,0.206399,0.271928,0.203754,0.090823,0.159986,0.018401,-0.097047,0.129627,0.214823,0.219336,0.069484,0.064331,0.218358,0.218380,0.171884,0.144405,0.274247,0.085127,0.381282,-0.001028
0.183011,-0.120190,0.297024,-0.524609,-0.017268,0.501304,-0.367967,-0.025913,-0.239895,0.179213,0.301190,-0.470602,0.381721,-0.211140,-0.374804,-0.182180,-0.200803,-0.521141,0.245858,0.139426,0.281497,0.294827,0.223819,0.176309,0.068324,0.002711,-0.067585,0.186495,0.256849,0.105053,0.049882,0.132287,0.220445,0.212778,0.067593,0.132489,0.342247,0.126565,0.279007,0.054330
0.323803,-0.017317,0.277132,-0.557514,0.004446,0.278544,-0.191539,-0.108115,-0.217471,0.095972,0.172542,-0.395734,0.420509,-0.275146,-0.370468,-0.214842,-0.037626,-0.696651,0.256603,0.074917,0.265512,0.454290,0.238816,0.103162,-0.001827,-0.010621,-0.052627,0.136392,0.479791,0.228248,-0.024787,0.048577,0.185608,0.183160,0.195124,0.186119,0.280755,0.198488,0.370603,-0.001532
0.166778,-0.169788,0.389487,-0.424704,0.085877,0.418621,-0.289159,0.079139,-0.052056,0.082685,0.113841,-0.526444,0.520624,-0.214699,-0.192184,-0.048578,-0.118764,-0.513325,0.125644,0.080963,0.285762,0.224628,-0.009149,0.267535,0.217017,0.231624,-0.047245,-0.000856,0.368158,0.035545,0.171064,0.045591,0.314594,0.304964,0.302364,0.079481,0.454539,0.083627,0.285262,0.109871
0.207371,-0.101135,0.225087,-0.508942,0.029573,0.329869,-0.293914,-0.069886,-0.002913,0.024459,0.231780,-0.434798,0.509662,-0.193359,-0.326743,-0.251846,-0.253668,-0.479037,0.250064,0.067427,0.068401,0.267582,0.032071,0.066190,0.308198,0.021496,0.046690,0.136547,0.077030,0.107898,0.093738,0.067143,0.203873,0.327218,0.306850,0.152065,0.360738,0.223402,0.304268,0.118834
0.257042,0.057131,0.424019,-0.882280,-0.087363,0.690516,-0.463777,-0.274015,-0.176940,0.091266,0.115056,-0.930211,0.529558,-0.100526,-0.652109,-0.175475,-0.115329,-0.898425,0.410668,0.060892,0.405044,0.503709,0.458834,0.317341,0.272877,0.153988,0.119458,0.173786,0.360282,0.308774,-0.205241,0.035827,0.029585,0.371905,0.250536,0.392895,0.216953,0.283382,0.649823,0.129090
0.056050,-0.056674,0.104530,-0.594100,-0.029602,0.327115,-0.386830,-0.013898,-0.205443,-0.034578,0.086018,-0.353893,0.348728,-0.207503,-0.327450,-0.156323,-0.108520,-0.352864,0.125380,0.006906,0.122525,0.285630,0.237455,0.295191,0.117152,0.166435,0.010113,0.189369,0.224574,0.097273,0.067176,0.160311,0.171352,0.248434,0.130188,0.133619,0.360078,0.080488,0.299116,0.025675
0.207484,-0.213405,0.396579,-0.481494,0.052508,0.210600,-0.025944,-0.127217,-0.137815,0.071529,0.155215,-0.131348,0.200375,-0.044516,-0.436443,-0.146795,-0.080537,-0.583588,0.184533,0.203932,0.335443,0.205230,0.210869,0.033734,0.210382,0.048247,0.129388,0.186213,0.352954,0.182404,0.112878,0.042634,0.152380,0.260671,0.226350,0.239177,0.161654,0.063557,0.192227,-0.099875
-0.010792,0.192435,0.042678,-0.798681,0.062152,0.638103,-0.277774,-0.188631,-0.115787,-0.017146,-0.031016,-0.475409,0.524025,-0.244663,-0.505298,-0.355826,-0.031235,-0.842322,0.278344,-0.077949,0.329114,0.357173,0.447693,0.296618,0.281834,0.344700,-0.146634,0.522463,0.451089,0.081706,0.259016,0.211933,0.112976,0.212843,0.631763,0.398783,0.350274,0.092265,0.515843,0.132788
0.008652,-0.101111,0.155781,-0.845647,-0.109495,0.235568,-0.425949,-0.095781,-0.224910,0.104936,0.034162,-0.481733,0.592379,-0.240990,-0.476899,-0.218958,-0.089292,-0.451062,0.191086,-0.007689,0.255376,0.373627,0.054740,0.299815,0.070578,0.345324,-0.057253,0.000109,0.210717,0.016110,0.155955,0.174775,0.278452,0.284903,0.126755,0.189905,0.395580,0.234196,0.263626,0.103262
0.244258,-0.064806,0.424762,-0.619505,-0.038260,0.486617,-0.397687,-0.041853,-0.036509,0.188357,0.137741,-0.582127,0.423522,-0.393007,-0.438686,-0.252657,-0.105544,-0.704859,0.369298,0.069637,0.301994,0.221874,0.366821,0.159032,0.268815,0.162192,-0.042783,0.061879,0.334444,0.208328,0.060940,0.347177,0.244250,0.436554,0.272887,0.348741,0.421343,0.128676,0.446456,0.166822
0.054769,-0.078415,0.308677,-0.815997,0.066178,1.004564,-0.851459,-0.258824,-0.034964,0.260854,0.062777,-0.876198,0.905922,-0.138870,-0.420902,-0.211036,-0.292880,-1.119939,0.452268,-0.245686,0.142009,0.389211,0.178153,0.229476,0.570204,0.389862,0.049025,0.344097,0.156730,0.286140,0.261280,-0.086951,0.033630,0.477783,0.704177,0.446752,0.520230,0.226820,0.634342,-0.021571
0.251067,-0.037470,0.394364,-0.728335,0.160514,0.505512,-0.473796,-0.136658,-0.100726,0.013054,0.208574,-0.558704,0.564024,-0.253351,-0.387447,-0.117562,-0.221242,-0.596584,0.175531,0.086309,0.444742,0.255823,0.072196,0.150387,0.208602,0.013303,-0.012536,0.228962,0.183891,0.226301,0.123238,0.006241,0.343209,0.405457,0.327184,0.177234,0.318578,0.233266,0.257690,-0.052088
0.368195,0.287544,0.255849,-0.705616,-0.036535,0.564554,-0.581099,-0.092691,0.138173,0.172475,0.039577,-0.809272,0.702030,-0.359970,-0.499749,-0.185804,-0.051878,-0.795110,0.446280,-0.011622,0.329592,0.454575,0.191724,0.207328,0.190329,0.230092,-0.065722,0.340550,0.338846,0.252256,0.108838,0.027382,0.176168,0.524150,0.637679,0.257093,0.109516,0.184049,0.330710,0.249445
-0.046760,0.040332,0.301433,-0.918414,0.035750,0.711421,-0.690556,-0.144533,-0.230618,0.070343,0.026863,-0.975459,0.818130,-0.420900,-0.684523,-0.320334,-0.060731,-0.919128,0.302705,0.102915,0.274386,0.472564,0.171927,0.284731,0.304565,0.361652,0.002403,0.155402,0.181210,0.161241,0.294036,-0.103341,0.247045,0.495884,0.549680,0.540674,0.314554,0.185724,0.514950,0.298935
0.087598,-0.112986,0.222861,-0.676359,0.068592,0.383509,-0.337573,-0.142746,-0.129839,0.037512,0.185356,-0.390565,0.582485,-0.123867,-0.462787,-0.130327,-0.317315,-0.376108,0.043336,0.079935,0.263077,0.142673,0.351101,0.142812,0.284100,-0.079771,0.033527,0.264196,0.277370,0.179270,0.027516,0.332725,0.204797,0.374962,0.290913,0.119148,0.268910,-0.041972,0.387914,0.077789
-0.146288,-0.051154,0.534365,-0.870322,0.067251,1.042411,-0.691793,-0.353560,-0.077331,0.112198,0.118112,-0.684207,0.969687,-0.374138,-0.342352,-0.430419,-0.303928,-0.790637,0.065079,0.158437,0.212637,0.173339,0.320263,0.034937,0.596792,0.275988,-0.021828,0.191749,0.238334,0.189790,0.311891,0.146765,0.333942,0.236886,0.741462,0.399564,0.284407,0.227365,0.721752,0.083282
0.243613,0.122765,0.404845,-0.982444,-0.044486,0.696810,-0.473015,0.016564,-0.093739,0.102573,0.107041,-0.713868,0.602836,-0.280663,-0.576237,-0.201874,-0.026821,-0.669526,0.506774,0.074209,0.239033,0.446411,0.346155,0.150948,0.414865,0.414758,-0.058762,0.312103,0.310779,-0.079185,0.295237,0.269306,0.192871,0.498162,0.428070,0.404681,0.385892,0.273347,0.633691,0.128278
0.197737,-0.041372,0.245087,-0.585399,0.044503,0.340256,-0.317986,-0.201552,-0.239753,0.073884,0.166429,-0.648015,0.486968,-0.227649,-0.511271,-0.298854,-0.147151,-0.607954,0.395985,-0.046838,0.271323,0.469246,0.151396,0.154195,0.154096,0.073408,-0.158906,0.102437,0.260929,0.196640,0.004486,0.028574,0.268273,0.197003,0.260549,0.342290,0.208348,0.229822,0.390919,0.147299
0.340285,0.018505,0.408286,-0.963739,-0.180244,0.645608,-0.357762,0.095177,0.160666,0.147360,0.198885,-0.576747,0.665927,-0.499410,-0.348573,-0.224524,-0.053396,-0.612371,0.324716,-0.229576,0.391346,0.250203,0.232197,0.233985,0.500433,0.599738,-0.047351,0.014206,0.249461,0.193377,0.368635,0.175633,0.304575,0.344927,0.473583,0.245501,0.256760,0.070789,0.392805,0.080882
0.058795,-0.136354,0.411491,-0.804393,0.101116,0.542479,-0.551239,-0.208262,-0.130239,0.082073,0.107584,-0.663217,0.626668,-0.360779,-0.222301,-0.296774,-0.234890,-0.593045,0.208666,-0.085165,0.152250,0.196040,0.138720,0.003782,0.246500,0.169560,-0.081423,0.075513,0.045567,0.261958,0.128679,0.138126,0.152432,0.363462,0.344555,0.229908,0.263800,0.193585,0.335369,-0.007941
0.629851,0.199629,0.445102,-1.822760,0.026585,1.391114,-1.088279,-0.252799,-0.358577,0.724603,-0.002569,-1.732551,2.051976,-0.360680,-1.015083,-0.722017,-1.039341,-1.909977,0.485999,-0.347603,0.721694,0.700810,0.650370,0.235925,0.397773,0.379576,-0.234432,0.206439,0.439131,0.696039,0.576622,-0.024361,0.586062,0.874459,0.689758,0.247730,0.803411,-0.027859,1.126634,-0.501522
0.187546,-0.198863,0.308595,-0.656357,-0.002554,0.188577,-0.290791,-0.188044,-0.138333,0.096137,0.005435,-0.358801,0.361398,-0.310903,-0.348405,-0.143824,-0.119530,-0.764718,0.149163,-0.027278,0.291387,0.144040,0.159530,0.288797,0.152698,0.146554,0.001256,0.130640,0.235537,0.183921,0.090468,0.152472,0.141451,0.316095,0.348236,0.239746,0.278775,0.055695,0.283236,-0.017783
0.028193,-0.146847,0.684337,-0.590301,-0.052412,0.722671,-0.532519,-0.172268,0.008028,0.181617,-0.037408,-1.048181,0.588766,-0.199655,-0.777630,-0.227379,-0.328677,-0.930739,0.293041,0.124358,0.433534,0.324954,0.299177,0.307526,0.434836,0.193809,0.056532,0.284293,0.239299,0.210198,0.141676,-0.095276,-0.018632,0.327305,0.183446,0.283195,0.362444,0.067679,0.380670,0.072339
0.251609,-0.075492,0.500556,-0.913044,0.214785,1.040083,-0.629219,-0.151294,-0.332942,0.139183,0.130864,-1.114740,1.156849,-0.120753,-0.876206,-0.238900,-0.329972,-1.114403,0.496733,-0.041741,0.436351,0.440681,0.542545,0.179449,0.357822,0.316772,0.248595,0.367656,0.419541,0.431523,0.154602,0.365686,0.353804,0.455353,0.406126,0.428569,0.557228,0.058036,0.652853,-0.085067
0.102043,-0.134978,0.288478,-0.554199,0.002643,0.258568,-0.146738,0.026209,-0.120736,0.026240,0.035371,-0.258469,0.239380,-0.195412,-0.419785,-0.137941,-0.159432,-0.481353,0.198397,0.117234,0.277350,0.304382,0.281116,0.145582,0.178886,0.045671,0.112140,0.241666,0.326453,0.137360,0.043695,0.067202,0.215555,0.312309,0.191268,0.222837,0.263247,0.096151,0.190844,-0.083779
0.068829,-0.007062,0.144055,-0.404628,0.086438,0.400671,-0.332769,-0.089504,-0.133991,-0.029345,0.113691,-0.283941,0.428483,-0.147100,-0.357097,-0.136856,-0.273431,-0.234670,0.080338,0.068528,0.095625,0.230130,0.034218,0.064308,0.212758,0.140450,-0.125700,0.127244,0.028666,0.139471,0.165164,0.119144,0.078476,0.223329,0.253894,0.036749,0.270182,0.120682,0.224352,0.098034
0.295775,-0.085522,0.479088,-0.804411,-0.123644,0.328185,-0.304732,-0.027509,0.125214,0.090584,0.291731,-0.637808,0.567158,-0.380770,-0.339253,-0.163387,0.002955,-0.872418,0.448553,0.058725,0.419697,0.472067,0.190758,0.019964,0.463851,0.235594,-0.001618,0.110048,0.364991,0.242904,0.127754,-0.034576,0.277273,0.349827,0.350537,0.177282,0.234561,0.102251,0.181452,0.036299
0.113642,-0.062489,0.220622,-0.329422,0.062851,0.450522,-0.333479,-0.016044,-0.002760,0.135307,0.132698,-0.543412,0.500955,-0.241796,-0.208422,-0.145511,-0.209687,-0.483563,0.226644,-0.010795,0.136392,0.308652,-0.014343,0.140935,0.246342,0.137623,-0.083308,0.163566,0.167160,0.184688,-0.018963,0.028889,0.226773,0.149752,0.231005,0.115168,0.324881,0.269263,0.259779,0.119033
0.153839,-0.192696,0.361180,-0.327405,0.103144,0.416153,-0.158942,-0.122942,-0.172324,0.113212,-0.044070,-0.271991,0.380874,-0.079916,-0.353937,-0.129066,-0.100037,-0.439612,0.115508,0.134971,0.110880,0.111177,0.071136,0.029104,0.262524,0.050360,0.049382,0.191405,0.246194,0.131776,-0.003327,0.105345,0.146196,0.250232,0.238687,0.136223,0.237720,0.099961,0.257887,-0.030906
0.199924,-0.010644,0.310940,-0.328600,0.095317,0.503316,-0.099938,0.039756,-0.203478,0.203964,0.191006,-0.318306,0.371541,-0.188562,-0.354562,-0.242774,-0.152829,-0.425742,0.223762,0.076801,0.129824,0.273479,0.156079,0.133836,0.119538,0.044881,-0.049631,0.271196,0.275137,0.072921,-0.080185,0.204424,0.019295,0.231864,0.166654,-0.015817,0.324969,0.086876,0.349743,0.081552
0.300231,0.072193,0.351976,-1.031232,0.000208,0.492168,-0.723527,-0.174682,0.000914,0.066727,0.008426,-0.648877,0.433240,-0.248629,-0.550659,-0.134043,0.075245,-0.794306,0.337550,0.029897,0.339354,0.384872,0.238981,0.340417,0.225008,0.499426,-0.031391,0.161102,0.229661,0.124003,0.162513,-0.002350,0.152785,0.515380,0.441970,0.244584,0.438505,0.239847,0.399373,0.244919
0.084563,-0.108158,0.336078,-0.404329,0.105246,0.252528,-0.264471,0.090391,-0.129753,0.150197,0.018025,-0.345629,0.403796,-0.238663,-0.261702,-0.159548,-0.110198,-0.426296,0.295360,0.060042,0.261538,0.377437,0.057445,0.146876,0.221859,0.266034,0.080260,0.127137,0.333944,-0.045493,0.199413,0.031125,0.253336,0.316328,0.265669,0.266054,0.384946,0.173665,0.262867,0.121341
0.341045,-0.263503,0.492253,-1.117347,0.010577,0.422887,-0.570601,-0.293629,0.001472,-0.097682,0.462290,-0.547943,0.735968,-0.608434,-0.648520,-0.450583,-0.588996,-0.838119,0.484064,0.139104,0.258673,0.466055,0.048620,0.008681,0.275187,0.156839,-0.022836,0.147608,0.197174,0.022821,0.189587,0.265969,0.445843,0.596123,0.345885,0.259856,0.321190,0.353967,0.404236,0.240583
0.182179,0.016362,0.223440,-0.866677,0.155849,0.242167,-0.357840,-0.120741,-0.201389,-0.014624,0.029894,-0.301504,0.633481,-0.351798,-0.411149,-0.243951,-0.151373,-0.700292,0.158994,0.136939,0.266678,0.310382,-0.032638,0.281954,0.190333,0.112953,0.141098,0.285901,0.198297,-0.040149,0.267939,0.205722,0.524275,0.429362,0.494889,0.313262,0.368969,0.280343,0.325126,0.142971
0.131784,-0.108176,0.198600,-0.362648,-0.000546,0.347076,-0.259828,-0.089336,-0.090738,0.077346,0.164117,-0.415014,0.296969,-0.101930,-0.304201,-0.076594,-0.157856,-0.386680,0.129377,0.070884,0.205675,0.220289,0.153139,0.095770,0.108048,-0.044477,-0.058894,0.125377,0.197923,0.143493,0.018052,0.054819,0.156840,0.170911,0.112850,0.101296,0.274276,0.130157,0.253939,0.000759
0.116445,-0.252988,0.203155,-0.595643,0.047995,0.289707,-0.315225,-0.142142,-0.187874,-0.031451,0.053635,-0.359805,0.314204,-0.106497,-0.437668,-0.242712,-0.276675,-0.377042,0.168907,0.086192,0.178806,0.283358,0.293555,0.082494,0.099000,-0.104539,-0.033042,0.069582,0.227562,0.148595,0.097130,0.077369,0.132035,0.150086,-0.002633,0.125165,0.321770,0.070173,0.358060,0.105766
0.133815,0.000087,0.075249,-0.464580,0.144375,0.351848,-0.378958,-0.046532,-0.145431,0.044568,0.014148,-0.419943,0.518955,-0.092298,-0.281151,-0.079288,-0.063426,-0.359393,0.227191,0.051437,0.120333,0.293582,0.003874,0.160515,0.228521,0.183770,-0.071231,0.303466,0.205850,0.046543,0.081214,0.161705,0.267393,0.202805,0.223965,0.096744,0.250284,0.210544,0.322041,0.080528
0.114835,-0.100113,0.289159,-0.328551,0.046171,0.251528,-0.209896,-0.062001,0.059296,0.053681,-0.025311,-0.385787,0.343453,-0.209904,-0.146588,-0.095526,-0.024045,-0.542623,0.145047,0.014902,0.271989,0.184262,-0.025372,0.150339,0.360092,0.128450,0.023003,0.168301,0.195694,0.085932,0.161458,-0.007729,0.192705,0.157834,0.305045,0.188038,0.263687,0.136647,0.174135,0.027901
0.194414,-0.121717,0.233319,-0.600344,0.036600,0.420447,-0.447302,-0.073195,-0.134813,0.059551,0.163504,-0.569230,0.467575,-0.219230,-0.380305,-0.221568,-0.233043,-0.469972,0.235602,-0.009186,0.256451,0.391226,0.184575,0.076363,0.200067,0.037497,-0.122309,0.017880,0.204357,0.195422,0.006172,0.027453,0.292711,0.184129,0.165427,0.195681,0.346847,0.167470,0.445036,0.046207
0.171243,-0.122754,0.267540,-0.467334,0.074237,0.378414,-0.248120,-0.054407,-0.091972,0.215888,0.166373,-0.438257,0.541594,-0.262178,-0.281386,-0.242494,-0.144762,-0.561456,0.313694,0.122966,0.257454,0.328794,0.063694,0.097206,0.215784,0.113510,0.017000,0.220112,0.295027,0.133516,0.045020,0.085173,0.332275,0.138488,0.200831,0.179501,0.320890,0.223796,0.273730,0.154321
0.353063,0.086878,0.375329,-0.995052,0.052348,0.771232,-0.647740,0.001608,0.151448,0.268068,0.159578,-0.997517,0.960703,-0.438425,-0.375850,-0.398535,-0.278400,-0.737025,0.348002,0.075133,0.260021,0.271847,0.430091,0.055416,0.651579,0.440293,-0.119449,0.226707,0.271926,0.266511,0.267319,0.180367,0.527204,0.264136,0.782944,0.286267,0.251283,0.315681,0.465782,-0.034997
0.074249,0.124383,0.354610,-0.861145,-0.091943,0.518868,-0.452011,-0.045144,-0.131829,0.125966,-0.021045,-0.613589,0.219964,-0.061344,-0.737652,-0.165416,-0.200649,-0.721419,0.312395,0.044483,0.307679,0.381067,0.431668,0.279829,0.299117,0.106981,0.054385,0.313580,0.205660,0.116181,0.125226,0.036929,-0.043188,0.561279,0.283168,0.187951,0.290325,0.009836,0.300028,0.015849
0.170350,-0.157576,0.272180,-0.431128,0.044621,0.246200,-0.121654,-0.088833,-0.010845,0.057138,-0.027536,-0.293209,0.383136,-0.114133,-0.254183,-0.110068,-0.024399,-0.592429,0.227509,0.088556,0.235784,0.195525,0.101513,0.129593,0.365292,0.135748,-0.009864,0.156056,0.260480,0.089361,0.263493,0.093908,0.164137,0.177371,0.272661,0.206630,0.287865,0.009897,0.156000,0.070751
0.388705,0.066946,0.269578,-0.788664,-0.064703,0.485067,-0.436343,0.003998,-0.190336,0.203613,0.260376,-0.567812,0.329534,-0.125197,-0.458738,-0.067799,-0.068781,-0.684378,0.188953,0.145608,0.404250,0.359831,0.395042,0.348333,0.046523,0.067844,0.060030,0.141849,0.414416,0.115440,0.014731,0.266342,0.141044,0.393314,0.222054,0.025176,0.317354,0.056383,0.378735,-0.043226
0.304515,0.164039,0.205520,-1.193381,-0.030034,0.305804,-0.608268,-0.161847,-0.142661,-0.060720,0.361890,-0.363471,0.721490,-0.380870,-0.422358,-0.254641,-0.112574,-0.753748,0.248062,0.034023,0.402389,0.413375,0.325768,0.335468,0.050733,0.163631,0.088915,0.313160,0.328061,0.152601,0.183886,0.344734,0.256582,0.534957,0.428362,0.129432,0.148476,0.084701,0.478069,0.235808
0.163436,-0.144637,0.301763,-0.669943,-0.078898,0.450677,-0.354847,-0.226474,-0.172811,0.099050,0.045587,-0.498035,0.511706,-0.163645,-0.501426,-0.199396,-0.172737,-0.731904,0.202675,0.056190,0.354462,0.364525,0.329684,0.239676,0.188467,0.097983,-0.002486,0.055617,0.272591,0.133106,0.154430,0.177685,0.147410,0.271185,0.125677,0.210024,0.344697,0.040423,0.395861,0.037028
0.137203,-0.007425,0.468761,-0.587213,-0.099308,0.615606,-0.411312,-0.013577,0.061960,0.038295,0.139231,-0.573642,0.648265,-0.083242,-0.240788,-0.146455,-0.107383,-0.959621,0.249709,-0.209327,0.161367,0.431841,0.212861,0.070129,0.341700,0.349843,0.014231,0.090507,0.527691,0.180427,0.099786,0.047483,0.077756,0.586576,0.505442,0.219058,0.442448,0.034414,0.414992,0.268830
0.234771,0.048525,0.223795,-0.377338,0.121220,0.361346,-0.217468,-0.024330,-0.063142,0.118988,0.025546,-0.274257,0.353752,-0.050330,-0.266260,-0.038435,-0.066663,-0.445637,0.159431,0.078422,0.113244,0.226243,0.081886,0.083344,0.140879,0.088034,0.015729,0.325097,0.216101,0.054374,0.019967,0.179728,0.102898,0.325902,0.285769,0.016127,0.321385,0.134042,0.204116,0.033905
0.216385,-0.085593,0.355554,-0.441315,0.094143,0.538791,-0.563075,-0.124966,0.055620,0.077417,0.007222,-0.620336,0.637407,-0.109580,-0.153060,-0.225577,-0.140048,-0.698141,0.214128,-0.122715,0.161542,0.156536,-0.173884,0.287059,0.409688,0.241609,0.014453,0.267326,0.145350,0.148018,0.031118,-0.094790,-0.002227,0.310563,0.301075,0.120536,0.343695,0.203937,0.308889,-0.066913
0.095298,-0.044988,0.782895,-1.222023,-0.142202,1.073381,-0.586889,-0.079929,-0.020341,0.155135,0.132556,-1.035524,1.179695,-0.545301,-0.878340,-0.516548,-0.429049,-1.814451,0.591182,-0.233723,0.452662,0.614505,0.414814,0.027439,0.610664,0.447263,-0.000096,0.329868,0.269764,0.316154,0.358813,0.010171,0.343435,0.593589,0.588636,0.807988,0.641367,0.190069,0.653326,0.382397
0.180479,-0.095912,0.311579,-0.346763,0.060624,0.290888,-0.121661,-0.020202,-0.036961,0.067688,-0.047254,-0.296822,0.407821,-0.107582,-0.210352,-0.103169,0.012474,-0.533358,0.215786,0.039978,0.213003,0.228119,-0.023949,0.141239,0.352236,0.184233,-0.031888,0.219141,0.222591,0.042445,0.233631,0.054800,0.160038,0.161636,0.307711,0.202563,0.289024,0.138975,0.169859,0.070229
-0.168426,-0.123241,0.404187,-0.942984,0.056750,0.498483,-0.709815,-0.130554,-0.296382,0.047241,-0.207734,-0.460262,0.571261,-0.249671,-0.488659,-0.176209,-0.305189,-0.727524,0.078027,-0.040619,0.220452,0.442356,0.396738,0.226682,0.284867,0.309154,-0.083135,0.302481,0.200641,0.074797,0.221182,-0.043142,0.258598,0.466690,0.174967,0.365264,0.581894,0.109206,0.354806,0.261356
0.138012,-0.076414,0.244867,-0.337295,0.076799,0.402233,-0.326398,-0.072346,0.064680,0.069344,0.042975,-0.520849,0.493087,-0.242280,-0.193338,-0.092709,-0.097275,-0.517055,0.175447,-0.019309,0.185556,0.231435,-0.064345,0.176429,0.300213,0.144244,-0.058793,0.175598,0.118657,0.171971,0.038620,-0.008152,0.200679,0.173689,0.254699,0.136292,0.287295,0.209149,0.211717,0.064330
0.190354,0.159235,0.393609,-0.660219,0.045191,0.586707,-0.463807,-0.134555,-0.202173,0.079067,-0.066908,-0.417837,0.259994,-0.193475,-0.555105,-0.166852,-0.195075,-0.702855,0.241887,-0.035461,0.162128,0.397154,0.381691,0.339405,0.100272,0.168035,0.016201,0.315734,0.215330,0.104306,-0.025791,-0.064041,-0.015093,0.494281,0.345392,0.125993,0.396535,0.132595,0.316289,0.175574
0.010639,-0.025842,0.289677,-0.431918,-0.014308,0.419971,-0.297689,0.022586,0.017748,0.114438,-0.042839,-0.584665,0.431839,-0.235432,-0.306415,-0.140788,-0.079062,-0.742828,0.290698,0.014634,0.228409,0.318939,0.104937,0.268132,0.259639,0.269840,-0.005198,0.121237,0.250148,0.170599,0.114793,0.001951,-0.043567,0.225655,0.160618,0.283549,0.438164,0.018744,0.272248,0.177000
1.617091,-1.107134,0.057891,-5.767981,-0.497746,1.528691,-3.631173,-2.445857,-1.169547,-0.001571,-0.849635,-2.889059,4.730045,-2.211554,-3.002010,-2.012530,-0.909770,-4.968436,4.216540,-0.476370,1.638324,1.676571,0.325830,0.575188,1.526043,1.618015,-0.497053,1.105988,1.750020,-0.865997,-0.783556,1.255833,-0.352629,2.129294,1.814355,0.923854,0.786831,-0.618822,2.687826,2.375880
0.045368,0.033320,0.097632,-0.378329,0.077503,0.260407,-0.236217,-0.054127,-0.081624,-0.001093,0.028266,-0.306846,0.334770,-0.066361,-0.245594,-0.081162,-0.080581,-0.326557,0.220190,0.039117,0.058416,0.293304,0.113136,0.111390,0.217045,0.111818,-0.055819,0.213000,0.209619,0.085446,0.039292,0.134783,0.175606,0.154108,0.091471,0.066710,0.285472,0.097860,0.238461,0.071676
0.164895,-0.209006,0.350420,-0.659338,0.029949,0.454351,-0.463416,-0.163171,-0.049133,-0.001352,0.095994,-0.373657,0.509729,-0.272588,-0.247541,-0.216222,-0.181092,-0.452974,0.149756,0.049345,0.284447,0.130455,0.169706,0.193594,0.297100,0.180704,-0.046089,0.060441,0.124754,0.095598,0.233319,0.197673,0.188717,0.361311,0.310117,0.004853,0.238882,0.026064,0.284361,0.094917
0.196974,-0.221091,0.378261,-0.313179,0.007891,0.452466,-0.315644,-0.089641,0.012584,0.217566,-0.040258,-0.631192,0.548451,-0.104924,-0.348270,-0.107576,-0.049947,-0.719435,0.209144,0.121932,0.233572,0.333179,-0.032931,0.274534,0.273381,0.301135,-0.049181,0.212377,0.309044,0.191763,0.043101,0.109876,0.114128,0.232627,0.221293,0.118198,0.396049,0.152486,0.197025,0.073636
0.153235,-0.208549,0.359868,-0.416934,0.098823,0.489511,-0.209624,-0.011019,-0.083373,0.185424,0.135885,-0.415731,0.488338,-0.198188,-0.417148,-0.178264,-0.159331,-0.590481,0.102226,0.212697,0.336274,0.225693,0.227054,0.169598,0.197795,0.032462,0.111576,0.204313,0.311009,0.159598,0.134736,0.112124,0.347714,0.140271,0.154353,0.200712,0.353536,0.052417,0.279056,0.004297
0.248723,0.007338,0.255400,-0.728947,-0.151272,0.617791,-0.681850,-0.182575,-0.020143,0.084912,0.395371,-0.785247,0.715407,-0.018246,-0.416646,-0.356640,-0.201078,-0.631039,0.282371,0.084691,0.423830,0.441241,0.250605,0.197220,0.248159,0.268301,-0.072094,0.025721,0.168668,0.192286,0.081363,0.094918,0.176522,0.418123,0.275010,0.134189,0.150793,0.237565,0.431729,0.162048
0.212316,-0.154086,0.289364,-0.624140,0.037702,0.317363,-0.247812,-0.227849,-0.013793,0.014903,0.056224,-0.445378,0.566504,-0.220050,-0.454869,-0.231629,-0.149130,-0.636893,0.288537,0.126039,0.255376,0.200388,0.357925,0.086741,0.415829,0.110889,-0.000723,0.072266,0.269339,0.196481,0.176032,0.294410,0.250060,0.265013,0.188420,0.258964,0.371517,0.020496,0.325369,0.139958
0.329220,0.358237,0.070574,-1.083237,-0.077052,0.874309,-0.703324,-0.260413,0.161412,-0.006936,0.334711,-0.870564,0.764618,-0.396663,-0.350570,-0.313339,0.100713,-1.114655,0.347743,-0.156180,0.308829,0.321989,0.369967,0.345127,0.464849,0.468998,-0.158357,0.471376,0.391385,0.248043,0.135058,0.102337,0.153367,0.412381,0.851633,0.397632,0.225848,0.171143,0.530349,0.243261
-0.014549,0.078342,0.192555,-0.519915,0.076782,0.303548,-0.431920,-0.010301,-0.045462,-0.090095,0.072151,-0.452991,0.346568,-0.149471,-0.214283,-0.127196,-0.106041,-0.385255,0.239807,-0.083814,0.084559,0.263893,0.151196,0.154105,0.264851,0.191722,-0.006954,0.111080,0.143942,0.044157,0.150094,0.043892,0.154697,0.302829,0.128315,0.069255,0.361235,0.128223,0.315457,0.074913
0.347516,0.182135,0.197068,-0.835374,-0.100610,0.522309,-0.590734,-0.133628,-0.025027,-0.018754,0.398095,-0.643915,0.726529,-0.193142,-0.409618,-0.265077,0.000535,-0.661261,0.293882,0.037392,0.327195,0.397665,0.144811,0.299002,0.180566,0.360474,-0.050677,0.138086,0.267277,0.121535,0.104703,0.154319,0.113408,0.568769,0.596164,0.174151,0.092480,0.094173,0.304369,0.231543
0.117800,0.087586,0.136858,-0.641027,0.059361,0.529098,-0.314834,-0.087214,-0.210465,0.125316,-0.080753,-0.312009,0.348679,-0.106732,-0.597381,-0.180417,-0.197717,-0.775247,0.169060,0.001559,0.130545,0.395579,0.472844,0.059071,0.025450,0.046846,-0.129298,0.393659,0.404918,0.091451,0.094786,0.180968,0.190491,0.435997,0.232455,0.221650,0.484248,0.007085,0.437243,0.173874
0.203629,-0.089619,0.422020,-0.528771,0.025217,0.422276,-0.381703,0.021445,-0.061128,0.244279,0.013488,-0.521775,0.216260,-0.176141,-0.528958,-0.144350,-0.150101,-0.612302,0.342752,0.137845,0.263430,0.247668,0.282683,0.159690,0.377424,0.086027,0.085471,0.290528,0.298047,0.057613,0.034568,0.201438,0.145979,0.422448,0.215053,0.199206,0.375186,0.039766,0.325985,-0.024768
0.396662,0.095972,0.636668,-1.144072,0.085811,0.535888,-0.804283,-0.066161,-0.120827,0.323304,0.080797,-0.697109,1.076453,-0.473681,-0.165396,-0.196106,-0.228847,-1.211284,0.997291,-0.432521,0.208008,0.721757,0.200980,0.073532,0.512623,0.547379,0.194211,0.132861,0.225774,0.270947,0.205361,-0.029946,0.480206,0.635604,0.270288,0.414759,0.478425,0.012200,0.302734,0.195222
0.351749,0.220141,0.491800,-1.483640,-0.203713,0.882381,-0.725517,-0.019139,0.308336,0.157269,0.419901,-0.983638,1.166400,-0.647687,-0.372213,-0.460746,0.014314,-1.117836,0.538296,-0.360086,0.392451,0.469729,0.549555,0.097091,0.614377,0.660916,-0.208640,0.083851,0.532767,0.314166,0.544224,0.236683,0.453845,0.528321,0.801904,0.484723,0.182431,0.293780,0.721423,0.190626
0.089906,-0.167650,0.235348,-0.662225,-0.063564,0.330413,-0.411426,-0.204699,-0.189917,-0.050998,0.140876,-0.404964,0.472154,-0.197881,-0.420996,-0.236808,-0.184909,-0.540816,0.178549,0.139394,0.233365,0.347583,0.292194,0.104963,0.073123,0.081989,0.016820,0.168725,0.248367,0.256335,0.040872,0.181731,0.224766,0.207092,0.027220,0.324610,0.298949,0.085179,0.316271,0.116897
-0.008321,-0.034699,0.173820,-0.566998,0.048918,0.329224,-0.315180,-0.092897,-0.082878,-0.057521,0.014748,-0.369975,0.459176,-0.167807,-0.320317,-0.165733,-0.098062,-0.471178,0.288717,0.048706,0.100395,0.347366,0.224936,0.126253,0.250330,0.169061,-0.023248,0.160679,0.257186,0.108264,0.109965,0.178938,0.193505,0.146176,0.021424,0.200326,0.380564,0.049214,0.280281,0.148819
0.877981,-0.062574,0.593769,-2.051297,-0.119289,1.491047,-0.708153,-0.869434,-0.211133,0.602945,0.066184,-1.368185,1.254470,-0.636129,-0.925872,-0.707788,-0.506448,-2.279054,0.481508,0.064054,0.503039,0.760279,0.459597,0.600587,0.618924,0.094573,-0.231910,0.521639,0.658547,0.730324,0.350972,0.572751,-0.235464,0.464558,0.856647,0.829382,0.658609,-0.104766,0.515290,0.042558
0.486764,0.103323,0.700816,-0.795682,-0.023536,0.507390,-0.313812,-0.237231,0.062472,0.086401,0.222072,-0.955476,0.681268,-0.193955,-0.669052,-0.283769,-0.094713,-1.228133,0.388196,0.219234,0.668131,0.378251,0.326936,0.205457,0.371794,0.101514,0.038700,0.321061,0.440765,0.477309,0.136901,-0.063983,0.088023,0.273302,0.360688,0.409792,0.160563,0.142666,0.375276,0.043261
0.080519,-0.054602,0.193188,-0.686997,0.006818,0.372924,-0.486927,-0.005769,-0.281210,-0.036337,0.191827,-0.264857,0.344416,-0.227685,-0.449775,-0.340373,-0.120085,-0.405179,0.142878,0.029261,0.218725,0.312784,0.329038,0.225689,0.119000,0.122560,0.040658,0.267968,0.307929,0.126352,0.017870,0.150521,0.181927,0.332332,0.135988,0.087241,0.293324,0.055919,0.281376,0.080817
0.274388,-0.064911,0.108836,-0.374203,0.083057,0.163106,-0.240536,-0.192583,-0.157899,0.098210,0.079260,-0.184096,0.340680,-0.086967,-0.369100,-0.059486,-0.015072,-0.375414,0.195462,0.119186,0.154053,0.244806,0.178670,0.085401,0.144092,0.156398,-0.077599,0.162342,0.156392,0.166389,-0.001897,0.175335,0.142105,0.213910,0.238013,0.084106,0.210509,0.144591,0.152840,0.096051
0.113195,-0.239428,0.438751,-0.474082,-0.109458,0.529810,-0.483896,-0.201494,0.111839,0.074414,0.037273,-0.865136,0.556133,-0.195638,-0.243965,-0.253286,-0.078500,-0.800099,0.332557,-0.002911,0.330623,0.375638,0.008619,0.280124,0.517760,0.355691,0.069237,0.220749,0.231448,0.180271,0.079860,-0.036391,0.107259,0.216654,0.227157,0.211977,0.272317,0.203673,0.321104,0.031559
-0.141498,-0.102479,0.312067,-0.490423,-0.222182,0.543507,-0.455754,-0.156085,-0.071466,-0.015769,0.043636,-0.388464,0.492368,-0.159448,-0.231967,-0.233930,-0.278726,-0.590645,0.243065,-0.170979,0.030182,0.299680,0.148669,0.093164,0.292077,0.301168,-0.129951,0.009062,0.253837,0.149658,0.311784,0.047669,0.016746,0.376327,0.195889,0.197337,0.436031,0.111100,0.314615,0.150410
0.210724,-0.083725,0.158053,-0.759275,0.004521,0.583157,-0.465264,-0.245014,-0.023654,0.092872,0.124865,-0.688809,0.882714,-0.131504,-0.424220,-0.381624,-0.259002,-0.574107,0.299080,-0.006132,0.216078,0.269909,-0.036567,0.113768,0.251016,0.237463,-0.056391,0.082015,0.200552,0.121164,0.078286,0.039113,0.423865,0.320052,0.349201,0.195160,0.164104,0.326160,0.343893,0.106102
0.109881,-0.016470,0.141416,-0.658826,0.027356,0.395248,-0.318674,-0.034950,-0.136933,0.062081,0.057353,-0.456348,0.496503,-0.153425,-0.290584,-0.213003,-0.221926,-0.508431,0.357413,0.023989,0.079060,0.443309,0.211976,0.044032,0.229426,0.091147,-0.056626,0.096001,0.303750,0.148352,0.008466,0.045547,0.283689,0.161752,0.104495,0.183833,0.348812,0.217744,0.347956,0.164585
0.165143,-0.040387,0.364726,-0.461248,0.000736,0.469030,-0.273870,0.077137,-0.081664,0.204830,0.118607,-0.429121,0.279085,-0.175542,-0.423777,-0.120062,-0.200134,-0.563291,0.213045,0.060113,0.227768,0.275394,0.303526,0.179875,0.057942,-0.010786,0.030366,0.252391,0.309272,0.133073,-0.084497,0.078872,0.085729,0.356920,0.198858,0.087660,0.367757,0.090437,0.184199,0.082401
0.402982,-0.101709,0.419649,-0.760976,-0.036206,0.368036,-0.213240,-0.277864,-0.145970,0.183216,0.213745,-0.428284,0.497904,-0.117214,-0.499425,-0.220206,-0.058585,-0.963458,0.283281,0.133651,0.367240,0.424308,0.347038,0.201798,0.116297,0.020595,0.040330,0.187866,0.486886,0.227642,0.072253,0.119277,0.119776,0.293888,0.237470,0.184852,0.253273,0.046477,0.426517,-0.008175
0.243614,0.125129,0.133768,-0.652051,0.024719,0.330148,-0.344104,0.049040,-0.150761,0.068888,0.312879,-0.450068,0.472424,-0.309165,-0.260756,-0.073664,-0.089950,-0.413714,0.258686,-0.066988,0.159720,0.316618,0.052300,0.180681,0.019573,0.131749,-0.001041,0.175405,0.277399,0.013431,-0.005643,0.140821,0.244836,0.404342,0.262612,0.054490,0.330127,0.277566,0.291165,0.148581
0.315148,0.087788,0.215511,-0.724458,-0.001595,0.281213,-0.282597,-0.292066,-0.230816,-0.008225,0.107569,-0.477748,0.624676,-0.113293,-0.527494,-0.265189,-0.174517,-0.808965,0.303005,0.030511,0.210763,0.485408,0.256569,0.183038,0.017850,0.088657,0.007051,0.297760,0.402215,0.288156,-0.057292,0.092182,0.138247,0.276154,0.366773,0.355742,0.205634,0.298884,0.473462,0.245760
0.575568,-0.094718,0.338059,-0.834708,-0.011502,0.547561,-0.292828,-0.003387,-0.117672,0.189026,0.543948,-0.411180,0.708558,-0.414177,-0.554201,-0.285978,-0.150098,-0.822462,0.422838,0.217611,0.214618,0.350699,-0.048186,0.000358,0.140565,0.298622,0.059350,0.015304,0.225561,0.308939,0.092837,0.092921,0.145951,0.447854,0.262501,0.234156,0.257278,0.258139,0.261807,-0.057358
0.137876,-0.025050,0.296862,-0.447661,0.202536,0.329587,-0.429736,0.019166,0.056040,-0.009894,0.010552,-0.467860,0.436437,-0.253513,-0.052746,-0.117368,-0.010931,-0.623963,0.115748,-0.000333,0.241031,0.242414,-0.031638,0.231004,0.373059,0.183878,-0.026606,0.146849,0.172395,0.024561,0.204076,-0.056892,0.335043,0.325381,0.413106,0.099645,0.338358,0.182412,0.285453,0.065236
0.100399,-0.026265,0.317157,-0.579953,-0.173543,0.443542,-0.171836,-0.230354,-0.172849,0.060798,0.110704,-0.277309,0.480013,-0.110152,-0.252103,-0.262278,-0.094002,-0.608104,0.411914,-0.159906,0.099512,0.355863,0.170403,-0.015133,0.312564,0.354781,-0.010498,0.027111,0.354128,-0.062806,0.222710,0.189129,-0.031002,0.406693,0.267190,0.155745,0.370931,0.165252,0.380057,0.075053
0.230654,0.042774,0.329571,-0.526947,0.128242,0.341659,-0.167651,-0.006863,-0.172243,0.129303,0.004471,-0.406304,0.554803,-0.347968,-0.300598,-0.160795,-0.012015,-0.698030,0.231981,-0.063162,0.154181,0.360171,0.012535,0.142154,0.154136,0.126976,-0.020113,0.361744,0.290418,0.149208,0.017946,0.038034,0.264709,0.230372,0.363058,0.245258,0.281619,0.311220,0.245383,0.241664
0.155519,-0.124018,0.258916,-0.340564,0.104431,0.406902,-0.412889,-0.086190,0.057774,0.093270,0.062682,-0.565138,0.506040,-0.237593,-0.253147,-0.118812,-0.160294,-0.513380,0.167134,0.017874,0.208082,0.253007,-0.047023,0.186144,0.287329,0.178925,-0.107599,0.188204,0.101210,0.149301,0.028685,0.028147,0.168894,0.241864,0.211314,0.094528,0.368208,0.227878,0.251344,0.074810
0.059744,-0.204860,0.247719,-0.605965,0.043507,0.449170,-0.394336,-0.157359,-0.202273,0.071649,0.038663,-0.471224,0.395684,-0.078238,-0.524271,-0.205821,-0.332548,-0.487227,0.134539,0.147018,0.258135,0.260376,0.352399,0.155626,0.227186,-0.053009,-0.006907,0.221404,0.190844,0.166325,0.060613,0.120320,0.191497,0.246014,0.010370,0.160755,0.334454,0.040833,0.381009,0.002483
0.082516,-0.058148,0.278388,-0.279161,0.111913,0.351326,-0.212697,-0.022215,-0.145898,0.177492,0.118554,-0.405077,0.396351,-0.196993,-0.298023,-0.055155,-0.107769,-0.459729,0.077728,0.110847,0.285403,0.122729,0.067806,0.138396,0.137349,0.084416,-0.002085,0.042616,0.218643,0.096134,0.013881,0.089182,0.233073,0.231721,0.182288,0.109318,0.282533,0.190085,0.214158,0.088150
0.071959,-0.072420,0.323402,-0.623339,-0.009744,0.267469,-0.359142,0.033427,-0.018068,0.048653,0.065826,-0.546199,0.599732,-0.241314,-0.242526,-0.193234,-0.010156,-0.588762,0.260412,0.003229,0.323874,0.266514,-0.087585,0.197051,0.333747,0.245817,0.005702,0.080139,0.295457,-0.008404,0.224548,-0.035013,0.357711,0.320042,0.281122,0.240474,0.311838,0.307138,0.276328,0.061412
0.165721,-0.249873,0.394573,-0.414900,-0.040486,0.529239,-0.404589,-0.273919,-0.080831,0.039127,-0.021574,-0.582103,0.400841,-0.118204,-0.379393,-0.100407,-0.149448,-0.585719,0.149367,0.118884,0.242145,0.238968,0.065377,0.214498,0.225503,0.269581,-0.091268,0.105773,0.105998,0.205429,0.118988,0.012046,0.024986,0.262785,0.109036,0.174206,0.262731,0.131158,0.255392,0.020233
0.103593,-0.116719,0.384447,-0.649842,0.086158,0.560948,-0.450254,-0.028345,-0.182659,0.170951,0.197640,-0.562483,0.525144,-0.248685,-0.488617,-0.187771,-0.424940,-0.500777,0.135236,0.183303,0.362852,0.235124,0.187324,0.169703,0.327085,-0.013842,0.020494,0.298891,0.200730,0.128760,0.154568,0.036063,0.331056,0.378443,0.276973,0.111408,0.395755,0.181787,0.261200,-0.006340
0.205784,-0.099138,0.394741,-0.357271,0.059450,0.460358,-0.260579,-0.017924,-0.068017,0.214758,0.121918,-0.467455,0.431376,-0.121145,-0.365846,-0.100646,-0.100846,-0.544468,0.062531,0.093303,0.295449,0.189433,0.090938,0.134622,0.160524,0.022789,-0.011142,0.189609,0.251911,0.145429,-0.010434,0.097155,0.209257,0.259436,0.198151,0.122387,0.314377,0.131339,0.261147,0.030411
0.059970,0.093860,0.421430,-0.653679,-0.064575,0.477360,-0.415977,-0.159104,-0.089492,0.060870,-0.087683,-0.544071,0.362438,-0.111677,-0.571938,-0.133389,-0.186074,-0.695869,0.264109,-0.017400,0.322973,0.374174,0.259882,0.252523,0.225120,0.236711,0.024039,0.305222,0.211999,0.070678,0.114002,-0.120672,0.078640,0.254425,0.254706,0.331188,0.274961,0.108617,0.271976,0.036736
0.219224,-0.046120,0.264854,-0.781436,0.105863,0.438565,-0.478780,-0.014487,-0.232044,-0.058069,0.461062,-0.397177,0.648133,-0.467317,-0.240673,-0.255264,-0.243528,-0.488831,0.206794,-0.059037,0.092269,0.259147,0.146615,0.220412,0.207364,0.076492,0.074749,0.293624,0.190560,-0.024585,-0.000025,0.299229,0.285604,0.595358,0.400103,0.126413,0.183714,0.081850,0.527450,0.290474
0.170805,-0.081295,0.335500,-0.508592,-0.034844,0.248258,-0.290932,-0.099601,-0.021538,0.015754,0.126426,-0.476331,0.362235,-0.267540,-0.322888,-0.110153,-0.044258,-0.626119,0.226914,0.004259,0.332104,0.294451,0.117726,0.168582,0.233561,0.078262,-0.022797,0.102978,0.247528,0.182796,0.054114,0.011139,0.199413,0.207957,0.201264,0.178474,0.275966,0.171449,0.296088,-0.013511
0.133932,-0.033409,0.209779,-0.565114,0.066596,0.582844,-0.469442,-0.199785,-0.025193,0.129114,0.160758,-0.688900,0.746621,-0.140875,-0.422260,-0.251160,-0.350422,-0.551917,0.197011,-0.019463,0.157280,0.310715,-0.037002,0.098840,0.318166,0.235203,-0.147657,0.103124,0.100044,0.182953,-0.001422,0.065647,0.262155,0.233380,0.253408,0.040675,0.252993,0.339454,0.467216,0.060652
0.387651,-0.021750,0.351425,-0.689128,-0.118147,0.483217,-0.483279,-0.088278,0.011788,0.129085,0.261136,-0.732942,0.526244,-0.266298,-0.410385,-0.270507,0.042706,-0.927545,0.231066,0.133974,0.440997,0.537399,0.425170,0.211035,0.200297,0.272878,-0.058457,-0.039873,0.409444,0.353592,-0.001762,0.176779,0.068334,0.333068,0.255867,0.290000,0.280960,0.191246,0.522653,0.154805
0.035800,0.330616,-0.045673,-1.187473,0.021552,0.946933,-0.785657,-0.274532,-0.104627,0.029894,0.089079,-0.700339,0.840160,-0.406316,-0.370404,-0.394069,-0.073635,-0.948721,0.209230,-0.137541,0.441714,0.428447,0.429639,0.297111,0.317195,0.350851,-0.088582,0.623699,0.400330,0.068646,0.246194,0.097708,0.410236,0.363710,0.909114,0.356333,0.298229,0.314481,0.641061,0.242641
0.187764,0.164414,0.547919,-0.951623,0.170658,0.769330,-1.196064,-0.039388,-0.128588,0.289158,0.184535,-0.763794,0.953089,0.184502,-0.315704,0.077925,-0.178795,-0.750821,0.434288,0.016862,0.375973,0.189114,0.112597,0.194634,0.470807,0.471119,0.106494,0.565494,0.483607,0.485046,0.253013,0.227335,0.193956,0.758810,0.554857,0.046104,0.516821,0.312777,0.764365,0.133636
0.196994,0.146176,0.266052,-0.873273,0.131756,0.466641,-0.846979,0.041882,-0.039339,0.156627,0.136704,-0.757356,0.897687,-0.292634,-0.444601,-0.409103,-0.080621,-0.904130,0.432912,-0.265712,0.316586,0.427469,0.490373,0.249771,0.321776,0.504029,-0.117113,0.181489,0.225941,0.474665,0.287894,-0.031311,0.161351,0.407971,0.439472,0.193107,0.317151,-0.086228,0.443005,0.095268
0.085546,-0.102231,0.303616,-0.480313,-0.034006,0.380146,-0.291001,-0.017133,-0.055609,-0.045606,0.097973,-0.488466,0.568277,-0.182306,-0.257074,-0.137563,-0.106379,-0.524757,0.159823,-0.053639,0.175730,0.248493,-0.039184,0.225550,0.171762,0.264863,-0.050012,-0.044515,0.342867,0.027512,0.147764,0.147944,0.132599,0.237731,0.190312,0.065792,0.413410,0.063780,0.285924,0.108783
0.258824,-0.114079,0.407292,-0.512097,0.081792,0.400669,-0.163943,-0.036528,-0.078338,0.086661,0.064849,-0.348557,0.613973,-0.175322,-0.414438,-0.204626,-0.101956,-0.525894,0.078789,0.127615,0.376308,0.101027,0.094016,0.101763,0.250057,0.131565,0.145246,0.229517,0.220802,0.137954,0.221001,0.076423,0.369116,0.280628,0.352791,0.208624,0.266244,0.113482,0.251039,0.061408
0.084148,-0.029962,0.159014,-0.500808,0.031154,0.393562,-0.275036,-0.040458,-0.060864,0.070000,0.046513,-0.452946,0.458939,-0.167542,-0.239107,-0.153304,-0.180526,-0.468157,0.306265,0.036807,0.101815,0.371748,0.124963,0.079381,0.257063,0.101316,-0.029602,0.102525,0.221981,0.133757,0.002281,0.047515,0.256125,0.132838,0.122806,0.130673,0.332094,0.192811,0.288412,0.138325
0.121628,-0.136076,0.267107,-0.465347,0.084735,0.231257,-0.150133,-0.035891,-0.044151,0.052138,-0.067126,-0.277349,0.343092,-0.163878,-0.214585,-0.102289,-0.057384,-0.586818,0.233792,0.096837,0.270378,0.221574,0.094508,0.135226,0.374847,0.160448,-0.011099,0.185113,0.228128,0.053001,0.286108,0.047348,0.205223,0.223383,0.302599,0.263793,0.274415,0.031388,0.137472,0.066715
0.187437,-0.066959,0.317700,-0.713923,-0.042108,0.594604,-0.624756,-0.027820,-0.060337,0.162071,0.020363,-0.690376,0.503401,-0.269943,-0.448963,-0.241572,0.049013,-0.551478,0.414469,-0.024289,0.162801,0.360258,0.246688,0.265272,0.306291,0.493115,-0.121101,0.201617,0.282699,0.132198,0.176464,0.122084,0.135310,0.483017,0.250590,0.259343,0.408362,0.168844,0.506314,0.233305
-0.001813,-0.127821,0.212878,-0.809114,0.057146,0.337337,-0.429143,-0.155414,-0.189602,-0.060331,-0.022079,-0.262771,0.559876,-0.260954,-0.371821,-0.248554,-0.296555,-0.629431,0.063874,-0.020342,0.285476,0.226304,0.432945,0.010591,0.211003,0.007132,-0.023597,0.366560,0.208405,0.091885,0.205807,0.177530,0.271062,0.471440,0.315344,0.352857,0.317018,-0.047857,0.338370,0.170098
0.233896,-0.118557,0.454931,-0.628963,-0.019803,0.263618,-0.232207,-0.157011,-0.059685,0.038664,0.070114,-0.345594,0.454163,-0.229279,-0.354813,-0.162993,0.021388,-0.791819,0.280548,0.002304,0.238534,0.327998,0.087155,0.168594,0.280112,0.233760,0.133127,0.075658,0.321941,0.074041,0.125267,0.129534,0.078203,0.360889,0.298699,0.237578,0.185403,0.062756,0.269386,0.048966
0.322117,-0.139683,0.136427,-0.633688,0.128887,0.303510,-0.268025,-0.136979,-0.251232,0.175217,0.031470,-0.344533,0.514794,-0.215753,-0.523964,-0.245939,-0.064699,-0.570452,0.245780,0.120508,0.217244,0.364912,0.349078,0.178400,0.225894,0.100346,-0.017732,0.181295,0.357694,0.240559,0.074489,0.261488,0.297546,0.167480,0.197705,0.265993,0.394797,0.061238,0.389897,0.084464
-0.031571,-0.008525,0.275738,-0.787846,-0.206936,0.573649,-0.667745,-0.271892,-0.122423,-0.096283,0.085018,-0.656001,0.609229,-0.164450,-0.562399,-0.362474,-0.238659,-0.585911,0.244781,0.011482,0.181577,0.352361,0.370276,0.031241,0.346632,0.292798,-0.014728,0.169090,0.251014,0.111039,0.369396,0.231215,0.155055,0.502182,0.411620,0.248668,0.129089,0.036550,0.455023,0.227671
0.177983,-0.143679,0.339146,-0.331210,0.042201,0.460800,-0.253482,-0.044688,0.019218,0.077175,0.011251,-0.410692,0.461840,-0.117314,-0.340598,-0.162306,-0.281015,-0.564075,0.128453,0.051472,0.146943,0.225917,0.071468,0.128545,0.344446,0.110355,-0.059218,0.262921,0.208908,0.114168,0.178642,0.064023,0.029836,0.327636,0.248511,0.097508,0.373820,0.117036,0.304996,0.060610
0.129117,0.042317,0.216473,-0.367914,0.080667,0.278974,-0.220531,0.058795,-0.054268,0.061374,0.043250,-0.305104,0.315818,-0.184491,-0.216831,-0.038363,-0.092078,-0.387629,0.253862,-0.070776,0.098803,0.309249,0.052292,0.063900,0.150372,0.120261,0.024994,0.263555,0.237373,-0.017668,0.101619,0.064868,0.142363,0.350603,0.244175,0.143787,0.306949,0.132504,0.173504,0.103676
0.365193,-0.180549,0.416929,-0.957326,0.011310,0.405789,-0.592538,0.013800,-0.075846,-0.001501,0.451334,-0.904955,0.734670,-0.489886,-0.380620,-0.362385,-0.230914,-0.947580,0.471580,0.022727,0.437176,0.553484,0.392513,0.168250,0.428686,0.143695,-0.211569,-0.028922,0.369925,0.221978,-0.078407,0.036877,0.300255,0.490017,0.318667,0.233350,0.353948,0.170762,0.558520,0.084300
0.224530,0.021994,0.166195,-0.545649,0.179763,0.342070,-0.387428,-0.255004,-0.225953,0.163786,0.054975,-0.246683,0.417121,0.037670,-0.438196,-0.061131,-0.235508,-0.400341,0.168735,0.061240,0.116401,0.297112,0.225728,0.131717,0.096077,0.133878,-0.056557,0.271400,0.066024,0.135078,0.011640,0.125753,0.066254,0.295415,0.198749,0.047033,0.207844,0.123102,0.391690,0.027946
0.042483,-0.080228,0.221877,-0.545584,-0.156930,0.352436,-0.232211,-0.168861,-0.081321,0.055755,0.089823,-0.407855,0.542759,-0.118726,-0.275029,-0.234549,-0.111319,-0.573149,0.264152,-0.026734,0.140408,0.366886,-0.022636,0.095642,0.161597,0.242217,-0.060405,0.000968,0.311415,0.057900,0.105968,0.054775,0.182198,0.164707,0.190428,0.166495,0.244440,0.205045,0.267381,0.136031
0.067584,0.157217,0.209335,-1.018108,-0.024499,0.400928,-0.725014,-0.127811,-0.098438,-0.056177,0.070195,-0.529051,0.595739,-0.306910,-0.353777,-0.310475,0.010949,-0.733420,0.385249,-0.042234,0.283903,0.357785,0.211105,0.078508,0.330862,0.292726,-0.143452,0.289090,0.166270,0.040843,0.385855,0.207753,0.156097,0.699969,0.551912,0.275075,0.191295,0.113862,0.415886,0.196347
0.141121,-0.082302,0.293448,-0.735747,-0.015040,0.371714,-0.367021,-0.250248,0.081608,-0.066797,0.074007,-0.495204,0.778927,-0.226392,-0.330165,-0.249224,-0.198043,-0.692372,0.216493,-0.001984,0.222568,0.219464,0.096158,0.152850,0.307043,0.131909,0.005058,0.012108,0.200095,0.084158,0.235592,0.211140,0.328630,0.355949,0.318538,0.206845,0.263959,0.172887,0.346030,0.052606
0.307284,0.107612,0.351872,-0.746451,0.007981,0.709022,-0.520140,-0.020276,-0.281051,0.298177,0.415762,-0.834662,0.940136,-0.014168,-0.480436,-0.057514,-0.269474,-0.893275,0.354873,0.133440,0.454540,0.393696,0.465253,0.244368,0.182168,0.202382,0.091627,0.193607,0.455818,0.333339,-0.024699,0.245681,0.376416,0.478824,0.365071,0.089169,0.299420,0.131544,0.645044,0.049055
0.174508,-0.005199,0.188019,-0.656815,0.050870,0.319379,-0.257251,0.009978,-0.162697,0.063195,0.048313,-0.348224,0.581177,-0.228438,-0.228064,-0.250552,-0.001394,-0.527184,0.332300,0.049036,0.129859,0.373365,0.054107,0.180583,0.138447,0.263531,-0.047842,0.247867,0.373484,0.077626,0.104102,0.172600,0.288916,0.162113,0.208009,0.238261,0.311688,0.269547,0.293903,0.181016
0.207531,-0.073322,0.194341,-0.745040,-0.093851,0.578387,-0.412171,-0.226765,-0.029217,0.149964,0.047351,-0.609576,0.812761,-0.081230,-0.333930,-0.327715,-0.222910,-0.651363,0.307329,-0.021716,0.185909,0.301161,-0.033612,0.163472,0.279414,0.245463,-0.060028,0.244473,0.275594,0.155113,0.046776,-0.033978,0.343164,0.236406,0.401374,0.190946,0.181591,0.344304,0.281512,0.160943
0.319205,0.014045,0.109206,-0.539953,0.010104,0.348479,-0.374476,-0.087318,-0.144224,0.091672,0.187445,-0.551154,0.530921,-0.203826,-0.402960,-0.269568,-0.095890,-0.484720,0.327956,0.107226,0.196024,0.352196,0.205768,0.143692,0.257251,0.180193,-0.044463,0.153280,0.261178,0.172393,0.017400,0.226191,0.257021,0.277194,0.262728,0.176874,0.179826,0.169808,0.392119,0.098502
0.171602,0.085057,0.166384,-0.602659,0.057271,0.209231,-0.371202,0.036232,-0.033701,0.043465,0.031780,-0.364281,0.396042,-0.212225,-0.222208,-0.052774,-0.014700,-0.452094,0.221350,-0.010429,0.172848,0.259167,0.012193,0.213458,0.131574,0.216233,-0.015166,0.150167,0.195103,-0.064881,0.224350,0.104859,0.257409,0.298387,0.334084,0.101625,0.282857,0.260423,0.187441,0.033986
1.937141,3.066163,2.820146,-6.808588,0.166184,4.713364,-3.181257,-1.355943,-1.557422,2.880657,-0.573495,-4.807445,6.650176,-0.730189,-3.409830,-1.883217,0.115528,-5.788837,2.687462,-0.333214,1.389421,2.712425,-0.350389,1.221409,2.834821,3.113180,-0.763565,-0.568994,1.100306,-0.250423,1.267606,1.070061,1.913876,1.610642,1.037489,2.020421,1.312500,-1.237420,3.868857,0.906503
0.344983,0.139389,0.360946,-0.893188,-0.124680,0.673000,-0.486997,0.040445,0.111939,0.161175,0.187194,-0.970250,0.827644,-0.216474,-0.467518,-0.258448,-0.183780,-0.668200,0.362584,0.108952,0.313498,0.336249,0.385490,0.070071,0.532793,0.412142,-0.124978,0.190023,0.242475,0.246867,0.206952,0.100987,0.302881,0.267400,0.535731,0.274934,0.187313,0.233237,0.390597,-0.060674
0.376089,-0.095274,0.306853,-0.906846,0.092519,0.657564,-0.692323,-0.357726,-0.244056,0.089057,0.244922,-0.517291,0.617185,-0.289639,-0.494494,-0.331358,-0.219222,-0.671606,0.109228,-0.125493,0.438609,0.146854,0.211631,0.135715,-0.007105,0.092231,-0.081993,0.139539,0.109435,0.084701,0.124029,0.273770,0.298989,0.558938,0.425537,0.115006,0.283474,0.160426,0.346009,0.161039
0.159095,0.149976,0.232605,-0.654425,0.097529,0.455524,-0.253277,0.014719,-0.158519,0.063129,0.006964,-0.516011,0.485461,-0.055830,-0.329608,-0.165018,0.080859,-0.718520,0.437089,0.054185,0.136236,0.408091,0.186190,0.229335,0.223280,0.289578,-0.016116,0.400076,0.436313,0.020040,0.185311,0.149321,0.059334,0.304085,0.338098,0.206131,0.398954,0.136937,0.286457,0.201205
0.089708,0.076482,0.184146,-0.474116,0.118616,0.352094,-0.394376,0.021087,-0.025257,0.007063,0.102258,-0.499434,0.423799,-0.151658,-0.177223,-0.135688,-0.092843,-0.381483,0.260344,-0.065648,0.090329,0.316183,0.097269,0.113717,0.330287,0.182240,0.002884,0.145129,0.129732,0.082164,0.003209,0.032229,0.240914,0.244743,0.198424,0.067728,0.345657,0.204456,0.328735,0.077602
-0.137516,-0.016895,0.269973,-0.731024,-0.072473,0.407726,-0.526451,-0.233420,-0.102304,-0.017687,-0.035398,-0.500371,0.356304,-0.117771,-0.377256,-0.182047,-0.398431,-0.520698,0.235983,-0.148384,0.232257,0.255269,0.273457,0.285628,0.331676,0.129338,-0.018629,0.109818,0.189807,0.125860,0.260501,0.007817,0.009558,0.385976,0.209503,0.147566,0.397834,0.072076,0.433181,0.004315
0.183546,0.016353,0.338504,-0.696626,0.044336,0.485511,-0.603617,-0.088691,0.095649,0.019127,0.016608,-0.681815,0.586218,-0.153530,-0.248181,-0.123688,-0.044192,-0.796657,0.340739,0.030161,0.237650,0.354582,0.003108,0.176898,0.554664,0.295498,0.135788,0.343756,0.247224,0.047083,0.215153,0.035265,0.160715,0.505305,0.504326,0.203135,0.327741,0.214270,0.314927,-0.046743
0.151732,-0.032700,0.181640,-0.406462,0.032671,0.190845,-0.143622,-0.074190,-0.179652,0.036372,-0.005289,-0.204705,0.451172,-0.151034,-0.175638,-0.135417,-0.002399,-0.446667,0.272354,0.087775,0.052295,0.219986,0.143516,0.096703,0.189530,0.140142,-0.062981,0.200388,0.251842,0.135069,0.082078,0.085780,0.131385,0.120016,0.222169,0.183402,0.224748,0.108672,0.181063,0.136944
0.400761,0.048659,0.321791,-0.811285,-0.020686,0.475933,-0.588013,-0.195759,-0.025382,0.079627,0.161874,-0.559782,0.565890,-0.307385,-0.448884,-0.272852,0.007932,-0.682882,0.236696,0.084798,0.442034,0.202956,0.290081,0.204776,0.258717,0.265096,0.045279,0.181255,0.227921,0.260506,0.308400,0.225678,0.290554,0.424143,0.498280,0.261254,0.275556,0.060820,0.414836,0.160529
0.066347,0.203038,0.120206,-0.915033,0.234860,0.643276,-0.742056,-0.069147,-0.202911,0.035840,-0.036751,-0.631627,0.805565,-0.182325,-0.423694,-0.226106,-0.335126,-1.040010,0.393743,-0.206374,0.194053,0.590325,0.525268,0.258686,0.127033,0.435041,-0.017649,0.328839,0.372307,0.271961,0.334995,0.195587,0.349175,0.571909,0.484203,0.296713,0.553883,0.175992,0.824414,0.066581
0.093995,0.062385,0.063125,-1.487387,0.136438,1.055052,-0.906175,-0.094033,-0.663918,0.246117,0.464766,-1.021288,1.240368,-0.399832,-0.781316,-0.877229,-0.753670,-1.562226,0.184528,-0.248374,0.222199,0.846829,0.363330,0.325392,0.163236,0.173710,-0.101121,0.337979,0.325099,0.299388,0.289746,0.276124,0.574850,0.981837,0.788945,0.143749,0.790356,0.248647,1.105454,-0.027173
0.168304,0.066082,0.171303,-0.707627,-0.011054,0.627921,-0.488061,-0.117316,-0.113776,0.158968,0.338749,-0.468593,0.629358,-0.136475,-0.341050,-0.275479,-0.210256,-0.611882,0.282175,-0.070230,0.180252,0.434306,0.125306,0.111047,0.129950,0.259424,-0.091367,0.110850,0.367484,0.137396,0.062779,0.127279,0.248295,0.333548,0.234645,0.171710,0.330532,0.298482,0.473335,0.218101
0.086435,0.008882,0.199480,-0.212770,0.091702,0.240740,-0.110091,-0.046062,-0.064482,0.073790,0.067341,-0.240162,0.314596,-0.026494,-0.230401,-0.049387,-0.077202,-0.366697,0.166668,0.066517,0.109500,0.150663,0.058197,0.043825,0.140093,0.052715,-0.020398,0.146268,0.137338,0.045971,-0.001652,0.092743,0.072023,0.209254,0.150182,0.092469,0.237764,0.201269,0.136603,0.026414
0.203319,-0.179577,0.425857,-0.577797,0.042297,0.377336,-0.471134,-0.073684,0.060117,0.025050,-0.020462,-0.528950,0.464195,-0.135180,-0.153090,-0.054589,-0.217336,-0.737727,0.203233,-0.030254,0.339655,0.150598,0.091673,0.300602,0.376886,0.255041,0.036018,0.132119,0.409525,0.124550,0.189874,-0.029700,0.165609,0.411888,0.426031,0.130934,0.410086,0.074609,0.323148,-0.026272
0.128129,-0.206593,0.425178,-0.352103,0.064662,0.436986,-0.305906,0.027655,0.008418,0.128642,0.005425,-0.436586,0.345441,-0.088086,-0.320811,-0.131017,-0.306622,-0.549151,0.095765,0.056483,0.193843,0.181906,0.149390,0.186166,0.284714,0.075052,-0.043756,0.262233,0.222757,0.131054,0.091520,0.037841,0.093657,0.332860,0.191542,0.100143,0.362208,0.111146,0.253763,0.026005
0.068292,-0.028942,0.447870,-0.602361,-0.007194,0.428678,-0.464866,-0.078562,-0.083022,-0.011873,0.005572,-0.448234,0.271273,-0.140455,-0.308386,-0.130283,-0.252815,-0.617365,0.282586,-0.093129,0.321821,0.186114,0.103141,0.310454,0.302751,0.082867,0.028601,0.215433,0.177398,0.252914,0.127378,-0.066101,0.050838,0.265366,0.186223,0.276374,0.283018,0.074218,0.316222,-0.014689
0.018162,0.017749,0.344408,-0.313130,0.210407,0.362575,-0.202793,-0.032938,-0.134839,0.151929,-0.000595,-0.651532,0.503465,-0.248457,-0.428011,-0.163869,-0.095084,-0.510567,0.252668,0.083768,0.350185,0.372828,0.003064,0.172375,0.370879,0.065857,-0.034294,0.221293,0.208941,0.113579,0.069741,0.019844,0.251950,0.158704,0.286658,0.316673,0.209416,0.200818,0.248133,0.090634
0.152194,0.007488,0.265851,-0.856755,0.071929,0.202522,-0.478164,-0.023909,-0.065440,-0.036056,0.276291,-0.539691,0.626156,-0.340610,-0.488481,-0.295961,-0.261223,-0.547165,0.436151,0.014894,0.135338,0.423617,0.277369,0.036045,0.270643,0.116690,0.018153,0.199550,0.196585,0.125854,0.025574,0.077017,0.219277,0.530073,0.359093,0.154509,0.185670,0.110104,0.277811,0.137178
0.336672,0.112498,0.443179,-0.729922,-0.200326,0.600774,-0.436967,-0.094079,0.062658,0.168135,0.321136,-0.694405,0.772112,-0.340301,-0.436717,-0.415386,-0.173365,-0.942439,0.478113,0.022916,0.341907,0.570285,0.302448,-0.040432,0.193408,0.343766,-0.113964,0.013034,0.481282,0.325733,0.101548,0.108710,0.168432,0.410039,0.296087,0.300273,0.220995,0.152034,0.446249,0.243743
0.091514,-0.182689,0.310792,-0.243922,0.098923,0.299698,-0.234764,-0.081148,-0.066823,0.000835,-0.069337,-0.385066,0.450530,-0.210830,-0.156469,-0.126361,-0.069628,-0.506616,0.162809,0.087676,0.144958,0.208450,-0.085665,0.151671,0.326633,0.199064,-0.042697,0.120429,0.188543,0.146411,0.100080,0.022633,0.148618,0.203528,0.304928,0.142059,0.259031,0.163550,0.226360,0.055357
0.181235,0.041518,0.175168,-0.408473,0.060025,0.311306,-0.193480,-0.061792,-0.044518,0.095980,-0.019430,-0.338387,0.425850,-0.119788,-0.220947,-0.118180,-0.019813,-0.452549,0.242485,0.011623,0.086622,0.282854,0.062410,0.112227,0.218215,0.107144,-0.054681,0.243761,0.242847,0.152661,0.055654,0.055576,0.235481,0.152885,0.253838,0.122761,0.271239,0.199768,0.200432,0.091987
0.207859,-0.211466,0.367693,-0.652071,0.049758,0.457038,-0.399718,-0.027986,-0.103984,0.110554,0.251225,-0.527104,0.476694,-0.154964,-0.378845,-0.148040,-0.268498,-0.470070,0.228934,0.147627,0.200544,0.204598,0.059767,0.271433,0.119893,-0.089526,0.133310,0.235216,0.226152,0.188573,0.111525,0.049435,0.119983,0.345946,0.155524,0.097338,0.282753,0.168592,0.375886,-0.037339
2.624847,1.064888,1.866375,-6.905044,-0.404326,5.422183,-4.489775,-1.181502,-2.024838,0.519451,0.571512,-3.704527,5.769162,-1.992326,-3.775005,-1.807084,-0.180187,-3.715790,4.966728,-1.967531,-0.124032,1.174707,1.166068,0.058540,1.883609,0.408372,1.259615,1.401171,2.604448,1.359169,-0.341873,-0.265476,0.711253,2.334069,1.316062,-0.921443,1.122837,1.286340,2.022577,1.058398
0.296882,-0.136213,0.398316,-0.585223,0.060526,0.225287,-0.080156,0.001886,-0.108987,0.175198,0.147416,-0.263802,0.432377,-0.247405,-0.479101,-0.127112,0.015732,-0.699148,0.187767,0.124447,0.398132,0.324813,0.134958,0.146685,0.097426,0.162270,0.140049,0.093248,0.448553,0.134187,0.117722,0.156152,0.251380,0.258495,0.244278,0.196500,0.287488,0.129888,0.230808,-0.032072
0.110997,0.103191,0.204017,-0.413969,0.196183,0.388262,-0.422329,-0.043404,0.019045,0.032897,0.012244,-0.508047,0.436062,-0.190357,-0.184519,-0.080870,-0.088136,-0.481607,0.266123,-0.076027,0.116437,0.325744,0.014001,0.106246,0.350198,0.173066,-0.036444,0.284098,0.091728,0.131556,0.025556,0.054299,0.218294,0.288995,0.240125,0.070830,0.338638,0.194674,0.310568,0.073342
-0.087279,0.034059,0.336163,-0.785288,-0.243562,0.391921,-0.591509,-0.089445,-0.009865,-0.160052,0.226095,-0.646201,0.666737,-0.196703,-0.357427,-0.320410,-0.221774,-0.641848,0.206992,-0.106709,0.200429,0.350429,0.241993,0.102008,0.369195,0.341007,-0.001827,0.007589,0.177454,0.145474,0.296046,0.181259,0.111785,0.505940,0.420163,0.312245,0.084458,-0.012862,0.372408,0.249882
0.200315,0.057890,0.209364,-0.452878,0.113898,0.328237,-0.334246,0.044998,-0.031617,-0.037586,0.118508,-0.327231,0.367868,-0.282632,-0.161173,-0.111362,-0.064711,-0.507865,0.177622,-0.068329,0.115700,0.285842,0.088620,0.220555,0.175454,0.117335,0.039158,0.163458,0.199417,0.045524,0.094483,0.091382,0.296839,0.320623,0.306955,0.040438,0.315783,0.108971,0.259699,0.126521
0.192118,-0.114647,0.250026,-0.226833,0.135562,0.276205,-0.134419,-0.038452,-0.049588,0.033772,-0.003541,-0.317751,0.359234,-0.056193,-0.206442,-0.109502,-0.011018,-0.445629,0.111103,0.058294,0.130081,0.161404,-0.036453,0.124363,0.176925,0.049256,0.016560,0.156710,0.173492,0.072899,0.043297,0.062260,0.102857,0.200439,0.222456,0.058818,0.249436,0.163608,0.164091,0.068005
0.105227,-0.153300,0.265781,-0.474247,0.033352,0.382568,-0.332290,-0.124660,-0.033342,0.049236,0.070736,-0.499771,0.392265,-0.195436,-0.328798,-0.127177,-0.208372,-0.475829,0.179675,0.018514,0.209463,0.258297,0.121689,0.102511,0.252180,0.062785,-0.073419,0.085717,0.137126,0.174909,0.034134,0.022937,0.202717,0.160974,0.113069,0.123801,0.328292,0.127062,0.328086,0.069576
0.013572,-0.156970,0.408305,-0.566279,0.200347,0.547877,-0.569197,-0.100301,-0.220019,0.190347,-0.148493,-0.585995,0.671328,-0.233416,-0.590708,-0.137570,-0.200334,-0.592904,0.120407,0.140723,0.396349,0.380227,0.042245,0.187139,0.379724,0.267656,-0.067465,0.232685,0.204991,0.076269,0.158396,-0.056530,0.419174,0.301745,0.156541,0.156405,0.438859,0.189264,0.322305,0.099412
0.256861,-0.081994,0.340457,-0.665251,0.013609,0.481415,-0.420454,-0.123607,-0.085319,0.302927,0.195301,-0.535563,0.515294,-0.317946,-0.396049,-0.295374,-0.233797,-0.628286,0.425304,-0.064514,0.170006,0.244330,0.211485,0.039575,0.342567,0.221227,-0.110202,0.385753,0.240109,0.032740,0.065939,0.282216,0.162923,0.559590,0.362378,0.145999,0.389272,0.188778,0.328424,0.137107
0.132519,-0.111646,0.280853,-0.395207,0.091709,0.474992,-0.342412,-0.068766,-0.021168,0.148377,0.073764,-0.616156,0.607475,-0.290218,-0.279205,-0.207983,-0.161812,-0.596227,0.239227,0.056018,0.239956,0.311559,-0.036001,0.184008,0.337275,0.109189,-0.054078,0.198983,0.190671,0.228502,0.070370,0.048303,0.315190,0.164643,0.293813,0.207955,0.304592,0.274052,0.270722,0.143278
0.094339,-0.105483,0.335181,-0.315517,-0.012698,0.374548,-0.332339,-0.063763,-0.012519,0.090193,-0.068854,-0.515555,0.436996,-0.123686,-0.211080,-0.196332,-0.089119,-0.586872,0.275973,0.026489,0.198950,0.381212,-0.013314,0.176553,0.374798,0.297309,0.011851,0.214113,0.289515,0.038552,0.197243,-0.056689,0.025088,0.208441,0.213555,0.162076,0.316294,0.120189,0.243026,0.038153
0.026630,-0.058322,0.372523,-0.563993,-0.121688,0.580373,-0.425933,-0.196287,-0.068679,-0.028502,0.068546,-0.731776,0.462467,-0.165226,-0.561268,-0.243929,-0.178660,-0.665310,0.356786,-0.043548,0.145528,0.510134,0.330917,0.168972,0.411442,0.378227,-0.065779,0.176964,0.236311,0.100471,0.152574,0.151222,0.017469,0.348724,0.170752,0.095414,0.287711,0.030977,0.435394,0.181076
0.221853,-0.113165,0.453570,-0.433643,0.045696,0.508443,-0.218994,-0.063766,-0.008722,0.149697,0.118825,-0.668188,0.758057,-0.272392,-0.295171,-0.275526,-0.161510,-0.827144,0.333294,0.096933,0.252670,0.378944,-0.011599,0.149017,0.392615,0.199028,-0.069895,0.237144,0.331839,0.217005,0.066781,0.067194,0.247401,0.208648,0.316003,0.208603,0.325770,0.229569,0.314062,0.223288
0.170783,-0.017280,0.129431,-0.642053,0.048979,0.504744,-0.353186,-0.047656,-0.180523,0.104974,0.122246,-0.545477,0.597828,-0.152485,-0.304096,-0.257471,-0.232819,-0.564927,0.404308,0.059856,0.109783,0.461117,0.135529,0.100152,0.208137,0.159206,-0.083739,0.149332,0.337694,0.170962,-0.035916,0.064962,0.346965,0.170312,0.218361,0.206614,0.315180,0.298348,0.371245,0.139361
0.196416,-0.004977,0.320264,-0.600426,0.168715,0.482433,-0.571019,-0.051844,-0.032105,0.114775,0.046144,-0.639503,0.604086,-0.213057,-0.387886,-0.120485,-0.239257,-0.553988,0.254568,0.023873,0.270244,0.259047,-0.025346,0.147258,0.423988,0.099517,-0.026262,0.332183,0.138822,0.069241,0.093165,-0.000457,0.225059,0.451237,0.338416,0.089340,0.411146,0.310481,0.302080,0.019308
0.097206,-0.066183,0.190423,-0.519055,0.000254,0.422192,-0.373345,-0.102492,-0.100827,0.090010,0.154215,-0.494325,0.396562,-0.081835,-0.381738,-0.153554,-0.325847,-0.430905,0.242573,0.001821,0.162480,0.286366,0.181968,0.064101,0.167382,0.071027,-0.101186,0.166829,0.108290,0.142791,-0.017012,0.017250,0.138647,0.189453,0.062596,0.041751,0.352975,0.198884,0.347907,0.105723
0.337999,-0.013538,0.261812,-0.710835,-0.057387,0.610918,-0.457689,-0.275290,-0.047435,-0.004841,-0.095698,-0.347780,0.529027,0.030671,-0.284972,-0.151296,-0.151418,-0.669595,0.181488,-0.116046,0.031936,0.290026,0.109053,0.069536,0.186528,0.305526,-0.061904,0.277550,0.247634,0.093383,0.202367,0.166289,0.104758,0.473956,0.359524,0.012843,0.365714,0.137578,0.207674,0.135164
0.197501,-0.042813,0.275850,-0.220220,0.081547,0.344804,-0.148741,-0.005310,-0.082667,0.207002,0.128141,-0.293546,0.335752,-0.127237,-0.183070,-0.178192,-0.212661,-0.369789,0.107790,-0.032387,0.089333,0.156847,-0.010513,0.047463,0.174419,0.030865,-0.054715,0.173004,0.124250,0.043409,-0.035173,0.060543,-0.040090,0.264146,0.191065,-0.010152,0.278804,0.149536,0.223233,0.077602
0.321650,-0.055192,0.527167,-0.675589,0.032303,0.502843,-0.204122,-0.034385,-0.080490,0.231979,0.316738,-0.412576,0.626137,-0.136779,-0.563760,-0.231242,-0.138107,-0.776374,0.254132,0.215699,0.454112,0.290616,0.253495,0.134933,0.204514,0.112519,0.185732,0.224278,0.381982,0.159400,0.111657,0.043388,0.292406,0.376710,0.243162,0.143462,0.246731,0.098453,0.318919,0.028330
0.072797,-0.119281,0.227182,-0.379264,0.094971,0.258297,-0.237256,-0.096770,-0.012093,0.056639,-0.047173,-0.366645,0.393162,-0.172083,-0.244830,-0.112233,-0.072682,-0.497865,0.189410,0.054190,0.187383,0.250494,0.078843,0.142349,0.379690,0.161279,-0.007062,0.109864,0.163937,0.103108,0.142774,0.089968,0.216516,0.153384,0.168177,0.133777,0.296746,0.058351,0.216015,0.088128
0.179317,-0.049937,0.226312,-0.596737,0.030819,0.501821,-0.557530,-0.117769,0.067778,0.024254,-0.017998,-0.636674,0.501356,-0.045010,-0.244587,-0.090680,-0.092193,-0.542516,0.233202,0.052135,0.283345,0.208619,-0.020990,0.180450,0.350003,0.178059,-0.025889,0.279120,0.168603,0.072621,0.110597,-0.037251,0.176778,0.264420,0.177688,0.126565,0.304596,0.293281,0.255080,-0.072260
0.143314,-0.141448,0.392333,-0.820446,0.244645,0.868651,-0.415088,0.062951,-0.002260,0.074305,-0.070944,-0.799065,0.944237,-0.215863,-0.509006,-0.319917,-0.276383,-1.004459,0.568984,-0.006606,0.469142,0.487894,0.474944,0.329202,0.420390,0.171101,0.059864,0.345421,0.350050,0.354235,0.247050,-0.054090,0.282348,0.403503,0.308731,0.421190,0.610746,-0.024895,0.298657,-0.008335
0.450487,-0.299828,0.630750,-1.543566,-0.067228,1.501634,-0.673387,-0.664135,-0.822169,0.447533,0.028654,-1.319026,1.401031,-0.421600,-1.356101,-0.783755,-0.872656,-2.280845,0.284563,-0.001310,0.464127,0.871196,-0.072074,0.444429,0.263318,0.102687,0.010685,0.422317,0.140336,0.631747,0.344362,-0.078246,0.264635,1.016149,0.523090,0.524717,0.859811,0.317876,1.028948,0.197476
0.139703,0.049254,0.150762,-0.310920,0.022908,0.293488,-0.184200,-0.063090,-0.001804,0.089493,0.083624,-0.339353,0.370429,-0.058693,-0.235206,-0.045582,-0.104363,-0.386790,0.163227,0.032517,0.126436,0.224175,0.094641,0.044659,0.159668,0.047184,-0.012447,0.260785,0.186568,0.143108,-0.032663,0.064689,0.126118,0.189031,0.184818,0.046423,0.253634,0.187980,0.205008,0.034770
0.135470,-0.078197,0.274374,-0.405688,0.097621,0.392167,-0.251585,-0.002055,0.026610,0.063408,-0.023662,-0.351915,0.433035,-0.138815,-0.290022,-0.154113,-0.126810,-0.497498,0.194713,0.108644,0.231420,0.239756,0.033306,0.104089,0.376148,0.159638,0.023082,0.233776,0.195894,0.071529,0.247537,0.017443,0.175558,0.195026,0.286630,0.198200,0.219384,0.185519,0.254080,0.031884
-0.046345,-0.085923,0.328831,-0.609793,-0.190922,0.565814,-0.519112,-0.124522,-0.061361,0.010321,-0.056882,-0.400525,0.556654,-0.147067,-0.222008,-0.234796,-0.277718,-0.674173,0.222811,-0.196277,0.081058,0.386716,0.126682,0.107987,0.304203,0.328664,-0.097816,0.060853,0.285272,0.105041,0.342093,0.015490,0.081879,0.371584,0.257736,0.220109,0.417030,0.043414,0.309839,0.179891
0.108835,-0.154268,0.265048,-0.437101,0.029419,0.274271,-0.300001,-0.132604,-0.067993,0.062318,-0.042777,-0.397386,0.360774,-0.138160,-0.331858,-0.092409,-0.142021,-0.587405,0.023488,0.111728,0.343937,0.156880,0.255555,0.197800,0.304962,0.115345,0.016001,0.112700,0.216141,0.146821,0.102563,0.068893,0.187737,0.242313,0.171202,0.154857,0.352341,0.050978,0.266969,-0.038100
0.237538,0.103631,0.190428,-0.727679,0.160985,0.403772,-0.384985,-0.010351,-0.122842,-0.035235,0.251204,-0.352755,0.494489,-0.397689,-0.246805,-0.077046,-0.184887,-0.495754,0.159681,-0.027050,0.242652,0.302874,0.026598,0.225803,0.185919,0.040504,0.168910,0.365127,0.138370,-0.033373,0.143834,0.169510,0.329486,0.446902,0.366596,0.066577,0.301207,0.210597,0.289610,0.156667
1.968898,-1.103217,2.903011,-6.637870,0.697767,0.860148,-3.549408,-3.601497,-2.234390,0.398276,1.262096,-3.290658,3.408577,-2.342249,-3.571517,-1.450963,-3.584938,-8.069854,3.630479,1.150676,2.672041,2.829289,0.452801,1.537112,1.934870,0.390220,-0.479823,3.677431,1.335537,0.793194,0.660028,1.599877,-0.109415,2.976695,3.081274,0.933925,1.159762,0.068029,1.358435,-0.231448
0.112248,-0.052259,0.154131,-0.655671,-0.001101,0.296425,-0.254174,-0.008526,-0.100205,0.037661,0.021898,-0.380530,0.499595,-0.208181,-0.211177,-0.192284,-0.088314,-0.531080,0.321864,0.041537,0.126185,0.366472,0.143009,0.100108,0.205839,0.206005,-0.023147,0.136116,0.306848,0.067224,0.092788,0.105673,0.264367,0.181005,0.101696,0.223453,0.347416,0.210188,0.249984,0.134676
0.260223,0.044508,0.312552,-0.372471,0.102497,0.325043,-0.155836,-0.035803,0.002940,0.129687,0.007521,-0.291739,0.396193,-0.076131,-0.276685,-0.053792,-0.041132,-0.510467,0.171776,0.054713,0.185463,0.236495,0.037230,0.070609,0.223618,0.133212,0.067900,0.293917,0.225686,0.070080,0.054191,0.096567,0.152404,0.273237,0.291776,0.108611,0.306670,0.183377,0.199987,0.024421
0.226435,-0.145271,0.217143,-0.804981,-0.019762,0.425262,-0.412511,-0.060572,-0.249959,0.089935,0.232966,-0.503968,0.528880,-0.143888,-0.507894,-0.303797,-0.276231,-0.668691,0.362341,0.140390,0.265798,0.457728,0.314651,0.100376,0.112964,-0.012328,0.002521,0.246794,0.357156,0.149200,0.065653,0.047081,0.239477,0.235238,0.036344,0.234622,0.378577,0.172902,0.397271,0.022836
0.262782,0.022221,0.277630,-0.379234,0.101096,0.327335,-0.189387,-0.052580,-0.155151,0.124116,0.131036,-0.315215,0.340250,-0.238988,-0.268882,-0.069562,-0.107986,-0.412112,0.164191,0.071185,0.105512,0.184388,0.110395,0.087456,0.105215,-0.001334,0.018655,0.223265,0.202445,0.073101,-0.143658,0.112333,0.090608,0.318186,0.266828,0.015993,0.182403,0.171866,0.190105,0.138514
0.017358,-0.121315,0.397326,-0.763866,-0.112376,0.291896,-0.463266,-0.000653,-0.108580,-0.125940,0.167134,-0.464372,0.574939,-0.246830,-0.279399,-0.357455,-0.011867,-0.666273,0.288348,-0.157236,0.160699,0.334431,0.063031,0.152206,0.101833,0.236781,0.023344,-0.007804,0.314659,0.000543,0.240880,0.117705,0.247440,0.400665,0.122050,0.218988,0.388690,0.164761,0.430219,0.252426
0.262920,0.118320,0.425856,-0.840199,-0.126438,0.694933,-0.722393,-0.181191,0.108691,0.046167,0.301226,-1.000142,0.926085,-0.095341,-0.366651,-0.324772,-0.144079,-0.981569,0.309434,0.047670,0.321251,0.503538,0.115687,0.283323,0.364118,0.421197,0.065542,0.121974,0.347741,0.205640,0.108681,0.225381,0.235012,0.593766,0.437081,0.292471,0.224061,0.316226,0.537982,0.265671
0.120137,-0.144955,0.233013,-0.469419,0.028935,0.388302,-0.256698,-0.084911,-0.060837,0.097812,0.084832,-0.429650,0.433439,-0.161401,-0.333161,-0.182602,-0.188252,-0.528740,0.254381,0.147447,0.212896,0.297337,0.176311,0.136692,0.213632,0.075053,0.040718,0.172657,0.210885,0.116442,0.055764,0.080821,0.254589,0.118882,0.066545,0.175630,0.364938,0.154470,0.239857,0.078609
0.042808,-0.135384,0.392204,-0.455637,-0.004637,0.379822,-0.397351,-0.029044,0.029316,0.026039,0.007086,-0.528956,0.364876,-0.128189,-0.263918,-0.126066,-0.253647,-0.583282,0.181222,0.055350,0.382849,0.142622,0.166827,0.249381,0.372255,0.106578,0.033608,0.182617,0.235777,0.124925,0.193385,-0.052449,0.168692,0.239008,0.224786,0.213445,0.331368,0.131300,0.290913,-0.003505
0.438842,0.142582,0.622657,-0.898702,-0.073088,0.514632,-0.525635,-0.191176,0.166203,0.166205,0.082426,-0.594155,0.390402,-0.312671,-0.522785,-0.122750,0.075153,-1.236164,0.358953,0.088584,0.501385,0.469309,0.366927,0.187063,0.419182,0.328780,0.093913,0.172388,0.333660,0.424860,0.068965,0.025747,0.049720,0.481073,0.406963,0.376067,0.242493,0.096485,0.463441,0.126617
0.203976,0.036789,0.215127,-0.322188,0.087753,0.288504,-0.166161,-0.025946,-0.012877,0.093734,0.013795,-0.269209,0.341214,-0.051525,-0.240004,-0.051144,-0.037553,-0.420860,0.172783,0.059230,0.124553,0.233836,0.056040,0.081888,0.193707,0.107426,0.011893,0.279546,0.197031,0.069799,0.047350,0.099427,0.119996,0.226217,0.231028,0.071102,0.294303,0.141007,0.174913,0.046470
-0.029860,-0.000288,0.217405,-0.681752,-0.096908,0.425230,-0.338270,-0.092027,-0.112172,0.141587,-0.003770,-0.475631,0.528064,-0.090886,-0.336281,-0.230252,-0.169492,-0.483532,0.371197,0.078579,0.146407,0.393209,0.030860,0.066349,0.326460,0.325176,-0.054816,0.201591,0.255445,0.015310,0.145382,0.007169,0.238590,0.120670,0.183386,0.139504,0.266950,0.227874,0.310773,0.144933
0.871228,-0.033631,0.615989,-1.853986,-0.163485,1.146448,-0.867948,-0.420065,-0.482962,0.418546,0.513817,-1.068191,0.791309,-0.367857,-1.103728,-0.673994,-0.467909,-1.994866,0.361999,-0.220236,0.448927,0.834967,0.640019,0.294589,0.317682,0.023695,-0.403112,0.218656,0.586659,0.337171,0.309648,0.488579,0.278391,1.059674,0.426067,0.317586,0.674384,0.431736,1.018142,-0.087343
0.169096,0.072944,0.276739,-1.191830,-0.000604,0.418117,-0.547852,-0.002589,-0.019263,-0.067804,0.262913,-0.580554,0.781444,-0.481403,-0.357753,-0.355758,-0.158596,-0.703208,0.378555,-0.159273,0.345612,0.419014,0.533204,0.204291,0.303607,0.209365,-0.048476,0.275018,0.358755,0.189297,0.227787,0.234944,0.339228,0.453592,0.423755,0.358069,0.220880,0.200726,0.568407,0.125094
0.103687,-0.120857,0.225260,-0.513252,0.067373,0.447664,-0.395255,-0.134438,-0.058386,0.090417,0.051185,-0.391311,0.474922,-0.068878,-0.382845,-0.153292,-0.268025,-0.487509,0.074648,0.028324,0.205003,0.246908,0.125497,0.204627,0.171910,0.061104,-0.123738,0.124580,0.145362,0.143717,0.050012,0.037896,0.167549,0.171627,0.104526,0.067960,0.389674,0.082213,0.378528,0.011544
0.090946,-0.152463,0.479994,-0.701567,-0.015985,0.451289,-0.323825,0.024923,-0.041664,0.016322,0.368280,-0.258370,0.633945,-0.141747,-0.321799,-0.160257,-0.357960,-0.593138,0.046533,-0.157694,0.147374,0.127013,0.006917,0.119677,0.210213,0.101748,-0.064531,0.072957,0.359552,0.046213,0.274331,0.233912,0.161280,0.529494,0.391072,0.209240,0.355772,0.090374,0.411376,0.177187
0.062028,-0.017132,0.276573,-0.476806,0.120637,0.339945,-0.323648,0.085906,0.006485,0.074471,0.078783,-0.499413,0.466700,-0.217885,-0.127787,-0.168355,-0.110656,-0.568239,0.291398,-0.049816,0.211542,0.323208,0.081444,0.152019,0.335638,0.207312,0.054754,0.218119,0.200427,0.007891,0.158446,0.049075,0.241723,0.283197,0.296898,0.182885,0.402581,0.165520,0.264987,0.186902
0.562210,-0.266907,0.560796,-1.569863,-0.061179,1.052150,-0.777773,-0.499497,-0.281484,0.176667,0.174985,-0.777147,0.548472,-0.742925,-0.821332,-0.561439,-0.350152,-1.570023,0.496034,0.035591,0.213639,0.616176,0.387833,0.306422,0.496955,0.227866,-0.224469,0.489406,0.346700,0.289173,0.342574,0.311525,0.078396,0.544667,0.353764,0.563005,0.413686,-0.005694,0.570482,0.214592
0.263297,-0.209164,0.495814,-0.567519,0.102664,0.401756,-0.300924,-0.002238,0.096485,0.105887,0.174459,-0.480362,0.529115,-0.171630,-0.347853,-0.074423,-0.344963,-0.629962,0.172323,0.014701,0.261298,0.158008,0.140574,0.224124,0.292729,0.017986,0.006149,0.186362,0.259425,0.203310,0.039961,0.124914,0.159763,0.367360,0.288248,0.122489,0.342851,0.101654,0.329485,0.047427
0.252987,-0.153401,0.735502,-0.680635,0.036873,0.705807,-0.388849,-0.112387,0.002348,0.251501,0.096187,-0.943578,1.052802,-0.076882,-0.540062,-0.212448,-0.256395,-1.341128,0.491189,-0.220932,0.431032,0.564385,0.204716,0.329131,0.573881,0.338251,0.303917,0.120875,0.429982,0.192346,-0.081486,-0.132240,0.038055,0.429348,0.316862,0.289788,0.697173,0.083461,0.444567,0.012407
0.188744,-0.009651,0.212355,-0.648465,0.180488,0.618165,-0.483296,-0.016343,-0.091201,-0.011920,0.270483,-0.516643,0.675472,-0.216381,-0.361389,-0.110501,-0.337373,-0.452499,0.145779,0.134718,0.177907,0.198132,0.037323,0.173766,0.266337,0.110995,0.020792,0.167865,0.228181,0.049514,0.152911,0.095356,0.199499,0.538867,0.376170,-0.010371,0.309782,0.187930,0.323629,0.115150
0.206901,-0.187494,0.421272,-0.700717,0.017766,0.655778,-0.436028,-0.127215,0.021321,0.096119,0.344233,-0.734203,0.764430,-0.397011,-0.344343,-0.252853,-0.219070,-0.845115,0.339550,-0.025177,0.264554,0.190157,-0.006149,0.163745,0.258475,0.146698,-0.034850,0.109280,0.177165,0.212193,0.057369,0.053223,0.307754,0.428765,0.309018,0.213221,0.333266,0.243723,0.467086,0.124946
0.156747,-0.075666,0.257911,-0.354340,0.051324,0.410958,-0.303492,-0.061275,-0.011770,0.114544,0.103602,-0.540641,0.456463,-0.201551,-0.208899,-0.176036,-0.211165,-0.470778,0.161574,-0.063018,0.178219,0.197849,-0.061327,0.175565,0.312663,0.094298,-0.107280,0.089643,0.038383,0.167041,-0.005188,0.020692,0.073723,0.166639,0.208554,0.132839,0.294328,0.188938,0.212394,0.089080
0.199693,0.050828,0.106354,-0.656682,-0.001055,0.292442,-0.276571,-0.147221,-0.170965,0.129851,0.119482,-0.360697,0.459263,-0.012232,-0.368688,-0.201413,-0.163644,-0.502245,0.272876,0.028350,0.167799,0.349396,0.154287,0.181088,0.063973,0.103698,-0.056091,0.208806,0.320379,0.050485,0.027708,0.088843,0.213831,0.247939,0.202934,0.087880,0.242932,0.201973,0.286064,0.077490
0.087388,-0.026469,0.172937,-0.366453,0.085583,0.367767,-0.334934,-0.059159,0.030988,0.068637,0.031091,-0.469589,0.411890,-0.161682,-0.249243,-0.108633,-0.162929,-0.424961,0.220913,-0.012023,0.141630,0.310326,0.042239,0.135295,0.301099,0.174609,-0.037491,0.133344,0.109404,0.146662,0.010647,0.052874,0.206033,0.139291,0.105416,0.067110,0.325559,0.178745,0.265219,0.080543
0.174410,-0.006121,0.130991,-0.566901,-0.000493,0.455913,-0.349545,-0.100829,-0.143371,0.114637,0.123564,-0.514605,0.628279,-0.106165,-0.286001,-0.296790,-0.198098,-0.535269,0.251545,0.048535,0.193471,0.406667,0.082645,0.172149,0.212342,0.235165,-0.063032,0.088026,0.293934,0.135238,-0.038084,0.105238,0.302006,0.105196,0.177185,0.146507,0.256057,0.192358,0.375089,0.107822
0.082687,-0.062444,0.149583,-0.896880,-0.034509,0.472322,-0.493781,-0.109639,-0.173496,0.212409,0.084041,-0.584726,0.680310,-0.179106,-0.475316,-0.253982,-0.208117,-0.515719,0.450927,0.106650,0.198537,0.350818,0.155382,0.051119,0.312698,0.338698,-0.001043,0.331166,0.279744,0.045579,0.227503,0.038883,0.380696,0.304315,0.275212,0.169695,0.415503,0.312240,0.327801,0.159257
0.056252,0.034266,0.264936,-0.676760,0.113259,0.295632,-0.348452,-0.044246,0.024638,0.026385,-0.027629,-0.366554,0.386962,-0.121603,-0.298111,-0.045251,-0.162959,-0.487848,0.222539,0.051647,0.214500,0.274971,0.066606,0.120196,0.300100,0.150725,0.068478,0.265168,0.192171,0.190871,0.165802,0.025094,0.201711,0.276988,0.222267,0.191714,0.219892,0.163629,0.203312,-0.036772
0.159545,0.128671,0.179789,-0.741793,0.023940,0.463568,-0.492925,-0.290786,-0.065607,0.127495,0.149212,-0.467324,0.676846,-0.071781,-0.421658,-0.195703,-0.224623,-0.609666,0.192009,-0.029082,0.260505,0.334087,0.257240,0.052201,0.104619,0.142174,-0.051259,0.176669,0.182744,0.103546,0.099593,0.229235,0.214454,0.459603,0.309055,0.093578,0.142328,0.127394,0.428942,0.153849
0.235488,-0.186942,0.480079,-0.735645,0.080193,0.292343,-0.414645,-0.035689,0.038088,0.140430,0.055143,-0.600076,0.353670,-0.325465,-0.369020,-0.279770,-0.338813,-0.755735,0.493340,-0.064712,0.341710,0.314216,0.260568,0.142534,0.626751,0.012448,0.002159,0.110589,0.163860,0.086935,0.037307,0.031773,0.097550,0.298953,0.263749,0.225042,0.347156,0.058453,0.175864,0.118124
0.297199,-0.182797,0.456659,-0.712538,0.068039,0.671051,-0.407067,-0.302855,-0.176355,0.197602,0.201008,-0.913089,0.871772,-0.287164,-0.585119,-0.453633,-0.239723,-0.958879,0.415764,0.006787,0.339732,0.447250,0.020896,0.224427,0.426858,0.240636,-0.153294,0.181106,0.252694,0.239358,0.013518,0.051073,0.186085,0.192354,0.322158,0.249036,0.262730,0.226730,0.333739,0.177462
0.209725,-0.024518,0.267263,-0.298744,0.083133,0.250590,-0.159894,-0.110021,-0.090163,0.079727,-0.036351,-0.273678,0.357139,-0.096181,-0.214282,-0.043450,-0.067670,-0.397442,0.169201,0.035914,0.042863,0.134604,0.058210,0.044809,0.192339,0.062766,0.027683,0.217727,0.139940,0.107595,-0.106961,0.041721,0.059992,0.262398,0.261535,0.055780,0.183667,0.189086,0.188080,0.059737
0.155437,0.039439,0.259332,-0.420926,-0.034743,0.273026,-0.135963,-0.076283,0.009150,0.115929,0.075732,-0.363560,0.431364,-0.112106,-0.268091,-0.099151,-0.074934,-0.538591,0.243672,0.027193,0.160476,0.278328,0.088687,0.034739,0.209956,0.117132,0.015347,0.290054,0.266455,0.163764,0.001972,-0.017358,0.163555,0.166817,0.209791,0.194806,0.229401,0.232738,0.202408,0.076645
0.341043,-0.043943,0.412316,-0.808184,0.124225,0.681606,-0.594399,-0.022260,-0.046900,0.107353,0.419300,-0.883986,0.889563,-0.344857,-0.429878,-0.225410,-0.468083,-0.799429,0.365317,0.063734,0.338001,0.302442,0.083819,0.313731,0.400670,0.152045,-0.021797,0.140276,0.285300,0.118918,0.103267,0.106755,0.333213,0.501116,0.329599,0.016610,0.406895,0.281417,0.527574,0.149410
0.160489,0.143242,0.270905,-0.832454,-0.031576,0.465368,-0.505991,-0.160686,-0.114677,0.167731,0.192085,-0.521740,0.368745,0.013769,-0.419425,-0.121266,-0.319414,-0.602908,0.334027,-0.050741,0.294347,0.369152,0.344290,0.307751,0.147691,0.068689,0.040787,0.261719,0.339099,0.139994,0.076098,0.127167,0.048513,0.426139,0.242332,0.063013,0.231852,0.124811,0.475055,-0.010650
0.047129,0.028759,0.191698,-0.849846,-0.143972,0.477115,-0.473630,-0.177028,-0.050771,-0.006415,0.040046,-0.360860,0.788251,-0.137075,-0.292249,-0.298257,-0.284619,-0.616926,0.203428,-0.108406,0.120056,0.295561,0.168409,0.015518,0.153332,0.104404,-0.022760,0.065082,0.233493,0.033930,0.244260,0.208019,0.267624,0.421825,0.242707,0.307233,0.295411,0.107277,0.390663,0.213953
0.176191,-0.075981,0.224135,-0.517044,0.046731,0.318656,-0.117857,0.024637,-0.091055,0.040824,0.065751,-0.211211,0.358583,-0.102020,-0.393422,-0.135314,-0.086973,-0.485050,0.254338,0.105604,0.176443,0.274437,0.214857,0.092745,0.170779,0.107503,-0.001219,0.246804,0.317466,0.062995,0.115645,0.169048,0.052335,0.281071,0.159068,0.186458,0.358519,0.040873,0.236997,0.043092
0.200956,0.054881,0.152715,-0.680411,0.040685,0.532323,-0.423205,-0.018567,-0.188749,0.140161,0.054190,-0.688690,0.691786,-0.096124,-0.291503,-0.290027,-0.147121,-0.577247,0.377758,0.019475,0.177328,0.474467,0.124972,0.192788,0.307542,0.262270,-0.128752,0.216322,0.392406,0.156869,-0.043983,0.081097,0.309283,0.209688,0.286685,0.195461,0.242368,0.293474,0.400380,0.149284
0.118833,0.002117,0.266277,-0.860763,0.008608,0.309337,-0.443999,-0.041324,-0.090112,0.094143,-0.029137,-0.567151,0.677099,-0.162902,-0.357843,-0.303600,0.100800,-0.641445,0.458152,0.060039,0.226961,0.465018,0.025809,0.229775,0.427312,0.538214,-0.086799,0.232165,0.310213,-0.068801,0.284801,0.141705,0.157492,0.298130,0.373878,0.230092,0.278453,0.219411,0.294009,0.189213
0.346732,0.052631,0.195132,-0.925275,-0.107793,0.286398,-0.589543,-0.185713,-0.098820,0.078398,0.111587,-0.470313,0.625111,-0.261095,-0.414333,-0.340241,-0.014241,-0.761261,0.203078,-0.002767,0.290730,0.342266,0.397472,0.241282,0.184820,0.349674,-0.043169,0.096124,0.314145,0.130116,0.274493,0.226167,0.160098,0.452508,0.327809,0.225018,0.237514,0.150990,0.547748,0.212377
0.343778,-0.097183,0.663471,-0.805942,-0.033307,0.522378,-0.451604,-0.022298,-0.054040,0.343580,0.307650,-0.560218,0.349558,-0.156817,-0.426767,-0.244337,-0.229539,-0.858453,0.325341,0.161315,0.475963,0.275772,0.352959,0.360094,0.366460,0.212912,-0.101568,0.091687,0.276539,0.139574,0.132994,0.169874,0.122806,0.446853,0.167450,0.015248,0.253531,-0.051016,0.259016,-0.063801
0.193848,-0.159505,0.314894,-0.665402,-0.042649,0.249217,-0.237094,-0.114957,0.004294,0.008400,0.086267,-0.374877,0.516073,-0.230867,-0.343001,-0.094413,-0.182869,-0.794692,0.313718,-0.041946,0.275291,0.312984,0.185800,0.114575,0.227871,0.077643,0.019382,0.122243,0.434189,0.209555,0.138756,0.021162,0.187025,0.272957,0.160318,0.210555,0.320497,0.079641,0.361273,0.091138
0.250457,0.026916,0.406034,-0.732152,-0.079338,0.405140,-0.368064,-0.051791,0.064496,0.075292,0.181491,-0.512482,0.334395,-0.124662,-0.352061,-0.082272,-0.129202,-0.699773,0.294946,-0.003001,0.282906,0.336094,0.434136,0.169020,0.205260,0.043613,-0.018443,0.141244,0.392266,0.216672,-0.090960,0.119790,0.103200,0.461905,0.222019,0.072147,0.231867,0.091662,0.316219,0.018903
0.144169,-0.116534,0.363880,-0.723151,0.004000,0.473338,-0.388827,-0.004708,0.046581,-0.042744,0.058459,-0.482705,0.596836,-0.229149,-0.372105,-0.141187,-0.320266,-0.682171,0.210063,0.024617,0.429343,0.159496,0.209132,0.172072,0.391187,0.109039,0.139180,0.085961,0.298020,0.195026,0.289346,0.167156,0.293913,0.505386,0.402361,0.268692,0.365512,0.031872,0.303905,-0.036258
0.238680,-0.022978,0.110192,-0.793011,-0.103216,0.523973,-0.398703,-0.054485,-0.174580,0.103023,0.166660,-0.501850,0.600100,-0.093139,-0.414080,-0.156140,-0.197821,-0.514933,0.200498,0.058619,0.251841,0.279040,0.161758,0.318934,0.106532,0.283884,-0.011625,0.090118,0.299060,0.007096,0.085909,0.268341,0.148698,0.347454,0.183660,0.010121,0.365272,0.065145,0.348763,0.112183
0.353525,0.032744,0.220793,-0.632316,-0.057605,0.451309,-0.405904,-0.021778,-0.137973,0.180763,0.300287,-0.572569,0.449072,-0.105194,-0.324298,-0.102032,-0.140562,-0.542236,0.242025,0.130581,0.336905,0.307580,0.227841,0.184345,0.114652,0.094837,-0.074934,0.136598,0.314844,0.067869,-0.038261,0.126175,0.210012,0.310671,0.209575,0.052806,0.265196,0.155321,0.288582,0.050673
0.107429,-0.092328,0.086386,-0.578418,0.041859,0.252269,-0.202219,-0.108584,-0.113635,0.000023,0.014097,-0.269677,0.387942,-0.112175,-0.364782,-0.136541,-0.120010,-0.466514,0.247975,0.114491,0.139689,0.308179,0.279913,0.120053,0.189514,0.044294,-0.000714,0.168127,0.290257,0.152822,0.077716,0.139671,0.164162,0.158447,0.016660,0.181582,0.354777,0.048370,0.252342,0.049436
1.929599,-0.107264,1.875502,-4.956230,-0.065804,2.584366,-2.189504,-1.879586,-1.448894,-0.157608,0.251187,-2.383025,2.845252,-0.032480,-1.827207,-0.405118,-0.945107,-4.548028,1.609701,-0.565034,1.685057,1.619325,0.021909,0.766955,1.323658,1.253625,0.005276,0.267555,1.316309,0.020125,0.973803,-0.445178,0.711515,1.469444,1.221583,0.730776,0.078444,0.185790,0.485839,0.185017
0.191502,-0.086973,0.370922,-0.624462,0.058947,0.419469,-0.495253,0.002599,0.017840,0.085185,0.241875,-0.688006,0.522427,-0.242003,-0.217356,-0.102731,-0.109208,-0.723617,0.177245,0.105993,0.432268,0.213188,0.110129,0.301129,0.354913,0.180289,-0.099517,0.023691,0.290888,0.106626,0.082618,-0.015237,0.328368,0.343075,0.253188,0.157162,0.384872,0.207809,0.441785,-0.004074
0.069631,-0.193135,0.250494,-0.485517,0.013625,0.436987,-0.348811,-0.097124,-0.176629,0.154605,0.110509,-0.474325,0.500856,-0.148183,-0.512158,-0.196109,-0.203684,-0.606497,0.061639,0.165075,0.403020,0.185215,0.344013,0.188750,0.164027,-0.017401,0.077553,0.108714,0.273858,0.218937,0.081688,0.187297,0.287891,0.210900,0.020658,0.235723,0.355074,0.038009,0.323039,-0.058493
0.295815,0.202843,0.188635,-1.133006,-0.138364,0.429502,-0.580275,-0.107738,-0.075761,-0.020970,0.305659,-0.568920,0.727922,-0.172516,-0.472484,-0.301307,-0.008339,-0.744142,0.338248,0.121709,0.395764,0.440098,0.317562,0.286276,0.185540,0.307172,0.046064,0.155787,0.327688,0.122870,0.222094,0.296073,0.162753,0.555441,0.368074,0.142850,0.093737,0.121035,0.366579,0.125835
-0.027896,-0.058398,0.136177,-0.925938,-0.076625,0.510003,-0.567707,-0.098761,-0.203587,0.208254,0.057752,-0.514633,0.725621,-0.179516,-0.421742,-0.246962,-0.228599,-0.512867,0.405748,-0.016129,0.137609,0.357091,0.211652,0.013093,0.280546,0.358444,-0.019099,0.323782,0.280932,0.040854,0.237180,0.032734,0.327309,0.352267,0.247034,0.250157,0.424644,0.286722,0.335304,0.215330
0.321966,0.089398,0.259045,-1.029039,0.039647,0.367427,-0.422958,-0.073942,0.040899,0.037889,0.212768,-0.531192,0.907359,-0.353778,-0.276415,-0.149915,-0.203756,-0.881891,0.326172,-0.013477,0.242016,0.462507,-0.070765,0.168063,0.253402,0.192543,0.130737,0.206880,0.288925,0.134418,0.130998,0.125642,0.376182,0.471571,0.380508,0.176629,0.256490,0.227447,0.360592,0.107548
0.068918,0.115920,0.323617,-0.866026,-0.071251,0.764253,-0.658827,-0.265715,-0.312109,0.070262,-0.089805,-0.583411,0.352130,-0.021174,-0.754414,-0.359664,-0.296431,-0.873129,0.278563,-0.117982,0.176080,0.475488,0.428443,0.320946,0.260829,0.262431,0.025783,0.247720,0.141954,0.103657,0.162610,-0.036329,-0.084290,0.521954,0.309139,0.243064,0.300223,0.058203,0.554059,0.168090
0.153904,-0.056747,0.282377,-0.579442,-0.140381,0.299336,-0.226452,-0.104763,-0.154164,0.166685,0.216170,-0.262246,0.408068,-0.093220,-0.299033,-0.207876,-0.146184,-0.600865,0.304491,-0.128710,0.086859,0.340998,0.001530,0.014157,0.211355,0.218667,0.001295,0.083865,0.280793,0.095226,0.075371,-0.089978,0.018919,0.306742,0.106383,0.103292,0.241358,0.155838,0.334209,0.093147
0.119305,-0.056233,0.125341,-0.596549,0.072853,0.240839,-0.336665,-0.161702,-0.260176,0.024998,0.083621,-0.330821,0.354860,-0.119983,-0.442409,-0.161444,-0.209866,-0.346070,0.241019,0.104725,0.143063,0.236494,0.303118,0.118440,0.163600,-0.024501,0.035956,0.162135,0.183951,0.185272,-0.039311,0.155513,0.127123,0.227671,0.095701,0.169845,0.226154,0.075581,0.302682,0.046363
0.156735,-0.026590,0.246814,-0.551837,-0.003461,0.313696,-0.294796,0.070548,-0.063462,-0.020540,0.134511,-0.356790,0.384247,-0.242411,-0.248425,-0.174808,-0.181410,-0.519711,0.221707,-0.038040,0.233885,0.308981,0.224093,0.210557,0.189753,0.142284,0.065958,0.128265,0.252148,0.085591,0.052279,0.100414,0.245453,0.280285,0.179023,0.119071,0.339584,0.151290,0.244034,0.088970
0.073957,0.155818,0.285143,-0.918743,0.019768,0.687816,-0.643773,-0.226449,-0.025285,0.117357,0.067760,-0.748705,0.780294,-0.354518,-0.520957,-0.375258,-0.068222,-0.937222,0.341787,-0.016729,0.378698,0.306340,0.206465,0.228326,0.436205,0.314282,0.030251,0.305558,0.226417,0.148169,0.420693,-0.016505,0.197125,0.509555,0.733301,0.525637,0.234421,0.206630,0.435302,0.136805
0.254337,-0.177377,0.317380,-0.880602,0.038584,0.376339,-0.390254,-0.103554,-0.048643,0.027327,0.307744,-0.583089,0.578575,-0.261254,-0.563368,-0.329817,-0.269376,-0.679531,0.459785,0.268501,0.236307,0.414326,0.405302,0.076813,0.255654,0.012520,0.107205,0.311594,0.339047,0.217409,-0.009105,0.198081,0.296774,0.264776,-0.003227,0.227757,0.414033,0.130541,0.346825,0.081884
0.501634,0.187567,0.270716,-0.882635,0.199110,0.462048,-0.562025,0.057590,-0.054808,0.013132,0.316633,-0.569962,0.725643,-0.461461,-0.314099,-0.200564,-0.185862,-0.764216,0.288377,-0.018586,0.257899,0.415940,-0.008150,0.333153,0.318876,0.183112,0.080111,0.227861,0.174127,0.017871,-0.014320,0.206950,0.403376,0.521215,0.478045,0.064014,0.338903,0.173294,0.454505,0.147115
0.035429,0.081659,0.363840,-1.069179,0.154919,0.521244,-0.665247,-0.111314,-0.089881,0.030511,0.046729,-0.380198,0.641458,-0.353804,-0.299310,-0.183565,-0.246781,-0.772112,0.212549,-0.042496,0.372959,0.355448,0.174912,0.070214,0.476648,0.310206,0.015087,0.401654,0.220507,0.068975,0.321878,0.094098,0.195708,0.594766,0.526291,0.211885,0.377443,0.199112,0.364318,0.106412
0.196592,-0.046115,0.195734,-0.811704,0.012220,0.496393,-0.398141,-0.022613,-0.075006,0.026194,0.252355,-0.567676,0.544132,-0.263318,-0.312631,-0.249520,-0.173638,-0.606637,0.278103,0.008246,0.301811,0.345534,0.107221,0.268963,0.170809,0.098514,0.125113,0.054120,0.250644,0.044568,0.085957,0.049799,0.364116,0.266717,0.136264,0.167088,0.475267,0.245838,0.378265,0.066500
0.287780,-0.179663,0.404749,-0.425142,0.145944,0.333919,-0.222578,0.019923,-0.099491,0.242629,0.119263,-0.497630,0.472754,-0.358432,-0.379678,-0.288205,0.015484,-0.764326,0.220038,0.154462,0.454996,0.276859,0.083914,0.151977,0.416816,0.208686,-0.108639,0.193724,0.219844,0.289660,0.189243,0.083725,0.114958,0.187022,0.292744,0.382548,0.229899,0.008217,0.035220,-0.015186
0.031531,0.063848,0.274753,-0.663077,-0.002048,0.449906,-0.437624,0.070355,0.027018,0.039936,0.091748,-0.615827,0.536928,-0.190218,-0.239481,-0.135526,-0.225750,-0.590852,0.343828,-0.161545,0.141351,0.401933,0.161089,0.060029,0.339794,0.199422,0.031391,0.162321,0.250381,0.134839,0.001919,-0.070217,0.237733,0.316912,0.187396,0.152523,0.404463,0.218273,0.354389,0.160200
0.145053,-0.011493,0.235013,-0.603006,0.067780,0.614401,-0.557920,-0.217687,-0.153812,0.064101,-0.067929,-0.523416,0.290251,-0.076491,-0.490310,-0.132615,-0.184537,-0.584217,0.293908,-0.030933,0.084017,0.266191,0.265892,0.103943,0.178000,0.157745,-0.124146,0.239930,0.062046,0.140805,0.039124,0.083563,0.092085,0.321376,0.205241,0.153009,0.244887,0.173884,0.394936,0.114274
-0.124850,0.015916,0.305578,-0.911263,0.066210,0.760620,-0.653207,-0.161976,-0.019263,-0.073392,-0.087817,-0.665041,0.904206,-0.197512,-0.443282,-0.331739,-0.221150,-0.826243,0.128918,-0.068677,0.174889,0.431395,0.289294,0.158262,0.319715,0.086074,-0.044280,0.313742,0.241744,0.254557,0.248289,0.083106,0.356588,0.506389,0.328137,0.388532,0.471993,0.024677,0.342378,0.350970
0.199022,0.256690,0.289585,-0.927569,0.193994,0.523811,-0.830798,0.026661,-0.128408,0.268666,-0.103046,-0.373470,0.546677,0.050518,-0.507909,-0.194366,-0.216975,-0.857719,0.463696,-0.163421,0.441160,0.377522,0.393734,0.071466,0.583392,0.311637,0.197640,0.369577,0.302331,0.137550,0.272246,0.045539,-0.039489,0.725456,0.699447,0.238951,0.401301,0.075809,0.653074,0.203059
0.185522,0.229659,0.297546,-0.655580,0.058066,0.438797,-0.593013,-0.016149,-0.049294,0.086303,0.251880,-0.520319,0.479303,-0.346042,-0.502717,-0.212390,-0.131324,-0.764550,0.343923,-0.132075,0.281494,0.309669,0.115409,0.395218,0.232755,0.114062,0.047089,0.207869,0.116075,0.139403,-0.044948,0.044281,0.128233,0.454417,0.297729,0.221726,0.154961,0.194253,0.325067,0.219118
0.149305,-0.155452,0.412234,-0.537432,0.099043,0.484071,-0.401418,-0.166263,-0.179034,0.067757,0.233317,-0.617525,0.504411,-0.209231,-0.511987,-0.318042,-0.226952,-0.621134,0.195257,0.183631,0.293618,0.245211,0.167456,0.088818,0.222805,-0.093818,-0.022439,0.086350,0.144776,0.243709,0.055373,0.159590,0.218216,0.145519,0.098798,0.277814,0.336922,0.172554,0.259333,0.093396
0.156658,0.059956,0.410392,-0.878598,-0.044467,0.763306,-0.273934,-0.241610,-0.156030,0.001360,0.085680,-0.913834,0.567232,-0.137452,-0.818114,-0.256805,-0.195611,-1.105117,0.407651,-0.004251,0.483624,0.566645,0.466666,0.361012,0.283898,0.202708,-0.088300,0.351013,0.369442,0.191940,0.141053,-0.006709,0.001672,0.258928,0.274747,0.438708,0.358882,0.059546,0.530862,0.168308
0.083481,-0.076768,0.313542,-0.805858,-0.014934,0.403536,-0.659198,-0.076297,-0.109306,0.138773,-0.004528,-0.712544,0.572378,-0.210830,-0.491589,-0.142451,-0.173542,-0.609380,0.224136,0.117973,0.428093,0.293286,0.152493,0.294609,0.335744,0.354053,-0.104989,0.114961,0.208951,0.069136,0.138534,0.005470,0.261304,0.367279,0.139855,0.174538,0.486693,0.216176,0.299395,0.056980
0.096150,-0.169701,0.314787,-0.360348,0.013597,0.333501,-0.177116,-0.028885,-0.008487,0.112541,0.131321,-0.422859,0.317495,-0.135759,-0.312779,-0.109748,-0.213127,-0.493152,0.168348,0.126342,0.265883,0.173213,0.152539,0.150008,0.200352,0.004480,0.014607,0.187240,0.216183,0.104085,0.082867,0.042694,0.170893,0.127343,0.088844,0.157169,0.329238,0.126409,0.197198,0.025305
0.106418,0.066826,0.108458,-0.441702,0.106769,0.304500,-0.319292,-0.057643,-0.103221,0.008117,0.075525,-0.321838,0.346521,-0.049696,-0.274827,-0.047478,-0.091096,-0.347934,0.191973,0.066278,0.072649,0.264070,0.123903,0.156573,0.205253,0.113671,-0.043297,0.292914,0.187894,0.067085,0.048145,0.199964,0.109707,0.230185,0.174386,0.023032,0.303335,0.105005,0.265739,0.055251
0.165121,0.063473,0.084990,-0.473809,0.040736,0.245742,-0.310385,-0.098948,-0.186489,-0.005945,0.098293,-0.277935,0.419417,-0.123315,-0.316861,-0.101770,-0.038196,-0.325613,0.266486,0.119880,0.040943,0.182305,0.194697,0.152730,0.109217,0.048327,0.008861,0.324159,0.212131,0.110393,-0.060255,0.252603,0.054878,0.239995,0.249353,0.086647,0.217684,0.100360,0.234790,0.071254
1.068558,-0.603813,0.727565,-4.149967,-0.111302,1.113094,-1.904164,-1.591519,-0.398258,-0.406484,0.117518,-1.363020,2.274442,-0.423977,-1.818304,-0.632886,-1.675560,-3.615482,1.170880,-0.526071,0.578715,1.485903,0.449701,0.963553,1.505216,1.111474,-0.938214,0.824439,1.405671,-0.776042,0.390104,0.149510,0.478873,0.840427,1.602056,1.178227,0.842796,0.424091,0.517112,0.536698
0.099689,0.010910,0.089168,-0.465880,0.005766,0.224052,-0.143537,-0.065448,-0.092615,0.058679,0.095396,-0.284912,0.318053,-0.049101,-0.309923,-0.105494,-0.081207,-0.408510,0.315258,0.077566,0.071258,0.294657,0.167385,0.041428,0.095180,0.056569,-0.034352,0.304411,0.287322,0.082138,0.016746,0.088938,0.069847,0.240400,0.108974,0.089482,0.268918,0.168276,0.193915,0.058507
0.139305,-0.141354,0.662360,-0.995675,0.073256,0.601610,-0.638903,-0.241332,-0.065361,-0.003949,0.063806,-0.603023,0.732495,-0.584327,-0.656080,-0.432517,-0.603621,-1.267182,0.375816,-0.243834,0.067435,0.581026,0.233771,-0.046314,0.444329,0.431033,-0.169791,0.334053,0.046524,0.192393,0.287560,0.047433,0.270292,0.395661,0.291725,0.444991,0.330459,0.154298,0.497463,0.337317
0.259390,-0.037997,0.281809,-0.529874,0.099384,0.338734,-0.103113,0.035340,-0.113543,0.059891,0.051009,-0.251362,0.496468,-0.216524,-0.349780,-0.135639,-0.001580,-0.528342,0.256231,0.091907,0.227981,0.299173,0.062415,0.150376,0.162765,0.243847,0.026815,0.231623,0.318125,0.058071,0.159692,0.128303,0.181459,0.196438,0.226087,0.234854,0.356436,0.167475,0.275188,0.109381
0.271068,0.070014,0.442668,-0.977607,0.060771,0.522625,-0.731133,-0.182226,0.030392,0.070503,0.091166,-0.573959,0.467275,-0.283496,-0.367835,-0.206749,-0.194410,-0.824932,0.335343,0.066472,0.433203,0.229930,0.285845,0.185703,0.351280,0.178042,-0.093261,0.294553,0.220830,0.190374,0.140991,0.206446,0.244056,0.551180,0.489044,0.213034,0.298083,0.130981,0.348049,0.125905
0.319835,-0.196546,0.385242,-0.503139,0.057998,0.178945,-0.275426,-0.055971,-0.147010,0.073299,0.075482,-0.495997,0.619205,-0.243262,-0.301308,-0.230909,0.076787,-0.745897,0.078280,0.129485,0.348837,0.159316,0.006228,0.201745,0.168171,0.212994,-0.027266,0.047514,0.291467,0.137731,0.127234,0.060610,0.261597,0.171109,0.261774,0.146515,0.252495,0.191448,0.290804,0.093680
0.230060,-0.066461,0.232176,-0.472898,-0.002804,0.294614,-0.163835,-0.054010,-0.033375,0.104129,0.240218,-0.352585,0.385067,-0.179035,-0.285755,-0.084201,-0.112368,-0.551692,0.210186,0.058147,0.222679,0.276423,0.211053,0.105618,0.055985,-0.009395,-0.002866,0.114509,0.371781,0.164465,-0.052615,0.115837,0.147114,0.191017,0.115053,0.088704,0.327150,0.129490,0.271630,0.028609
0.061262,0.006486,0.156858,-0.383860,0.105650,0.278072,-0.277796,-0.054214,-0.035487,-0.022200,0.002575,-0.320550,0.371059,-0.108303,-0.251242,-0.081403,-0.059503,-0.409353,0.228350,0.036528,0.094314,0.279469,0.107699,0.141224,0.292973,0.168229,-0.044551,0.199026,0.205650,0.085211,0.108462,0.152401,0.171831,0.153084,0.103490,0.097966,0.307051,0.063585,0.230110,0.088044
0.257249,-0.107613,0.373141,-0.606547,0.141258,0.307783,-0.221286,-0.045544,0.103194,0.013833,0.057403,-0.476901,0.447872,-0.286216,-0.416986,-0.253766,-0.142776,-0.757269,0.372338,0.238521,0.351457,0.281533,0.218143,0.138415,0.506719,0.120464,0.143652,0.256945,0.236375,0.138207,0.292814,0.143507,0.237339,0.219317,0.304354,0.268413,0.355110,0.115521,0.235021,0.079356
0.001665,-0.151330,0.341479,-1.011719,0.110256,0.964972,-0.836791,-0.023864,0.141130,0.121496,-0.022631,-0.812836,0.923400,-0.506056,-0.394414,-0.570654,-0.146982,-0.553211,0.236499,-0.138541,0.068484,0.401734,0.578609,0.367372,0.583184,0.454169,-0.324137,0.419313,0.243440,0.182828,0.377652,0.294322,0.189650,0.309327,0.393613,0.326258,0.414609,0.157452,0.588612,0.255222
-0.047200,0.230006,0.251606,-0.750829,0.049579,0.296265,-0.609474,0.068700,-0.157125,0.103023,-0.079279,-0.400516,0.404178,-0.145693,-0.363311,-0.225552,-0.178200,-0.552357,0.456676,-0.215075,0.166182,0.250137,0.345611,0.083788,0.435656,0.235431,-0.030457,0.389956,0.113689,-0.026958,0.136270,-0.042579,-0.008339,0.547126,0.344366,0.222739,0.332477,0.102350,0.389689,0.209320
0.046128,-0.059848,0.219998,-0.190042,0.082950,0.252481,-0.131693,-0.032778,-0.016368,0.064223,0.038894,-0.289236,0.344919,-0.064356,-0.200871,-0.052651,-0.071656,-0.415966,0.155833,0.083049,0.157184,0.147049,0.009935,0.069387,0.244767,0.100201,-0.040150,0.096956,0.138955,0.061843,0.069246,0.057065,0.096914,0.182865,0.149268,0.141772,0.249532,0.171081,0.139072,0.009389
0.251548,-0.077652,0.281484,-0.706086,-0.054900,0.538065,-0.314277,-0.181387,0.001545,0.191385,0.196237,-0.569123,0.839776,-0.195796,-0.381045,-0.332662,-0.254495,-0.759464,0.302117,0.081949,0.258981,0.253210,0.006190,0.069050,0.280932,0.142079,-0.015673,0.325798,0.306595,0.225574,0.059083,-0.087006,0.344929,0.287290,0.368804,0.197536,0.213502,0.358968,0.324050,0.203488
0.469983,0.044992,0.164210,-0.799330,0.078666,0.464722,-0.437099,-0.017792,-0.245712,0.149545,0.076081,-0.558161,0.587938,-0.203295,-0.553773,-0.286731,0.011088,-0.691901,0.473498,0.083241,0.313264,0.448680,0.314260,0.260879,0.232294,0.245702,-0.082086,0.392296,0.408251,0.143069,0.075777,0.191791,0.264702,0.358316,0.454030,0.277758,0.301172,0.215044,0.458965,0.114376
0.184818,0.020255,0.206964,-0.295443,0.085161,0.288653,-0.174879,-0.022506,-0.004468,0.086865,0.009449,-0.275094,0.336570,-0.058815,-0.224167,-0.053646,-0.042188,-0.408327,0.172881,0.050997,0.127698,0.231459,0.043391,0.084777,0.209154,0.106978,0.003108,0.262262,0.188599,0.073276,0.054067,0.088709,0.121437,0.207603,0.218501,0.068442,0.293069,0.131185,0.172650,0.044463
0.653214,0.154699,0.136742,-1.035121,-0.095324,0.614063,-0.722242,-0.129073,-0.161602,0.130276,0.419760,-0.862098,0.779533,-0.132139,-0.509060,-0.331760,-0.098948,-0.780290,0.369258,0.118816,0.553662,0.499876,0.409550,0.272301,0.112608,0.282820,-0.099927,0.110840,0.450521,0.208489,-0.036112,0.250639,0.313912,0.544579,0.470408,0.207079,0.114646,0.244599,0.593200,0.099045
0.241615,-0.092517,0.343859,-0.422931,0.055029,0.266839,-0.063166,-0.100702,-0.155480,0.080713,-0.006605,-0.170090,0.413119,-0.092740,-0.213382,-0.124172,-0.054700,-0.557905,0.262313,0.050219,0.111170,0.203487,0.071617,0.043326,0.349781,0.167315,0.002054,0.285522,0.207070,0.047636,0.089426,0.003105,0.087059,0.244702,0.330788,0.214036,0.232579,0.154693,0.195133,0.069892
0.291229,0.004769,0.316570,-0.722851,-0.027558,0.439944,-0.427498,-0.187751,-0.057204,0.145874,0.022960,-0.538884,0.536664,0.041919,-0.404769,-0.184826,-0.107112,-0.646660,0.294706,0.099171,0.283696,0.306765,0.076675,0.222580,0.329134,0.253072,0.054091,0.286943,0.288696,0.044786,0.045778,0.059105,0.194952,0.308795,0.284661,0.134936,0.215601,0.200756,0.259101,0.065933
0.095976,0.019645,0.219097,-0.636346,0.016227,0.410291,-0.354299,0.113726,-0.120829,0.032863,0.048617,-0.345922,0.353944,-0.193915,-0.361788,-0.140208,-0.223901,-0.442953,0.245304,-0.025966,0.186953,0.300345,0.261334,0.225893,0.176915,0.140743,0.087595,0.226955,0.299753,0.044602,0.112181,0.085577,0.159470,0.453557,0.254554,0.129105,0.334071,0.066457,0.270821,0.067401
0.298022,0.236692,0.438275,-0.919260,0.080733,0.891515,-0.791694,-0.193942,-0.355731,0.229046,0.131111,-0.921379,1.127356,0.261184,-0.630507,-0.059261,-0.469832,-1.143740,0.347965,-0.023039,0.460381,0.496534,0.647177,0.343300,0.414680,0.434566,-0.011983,0.189330,0.545045,0.574998,0.337186,0.140757,0.332136,0.662787,0.363027,0.136771,0.480335,-0.016288,0.852299,-0.055795
0.151618,-0.012336,0.530257,-0.950407,-0.040429,0.649323,-0.706540,-0.077540,0.112196,0.137024,-0.058383,-0.660124,0.501683,-0.358840,-0.518558,-0.212856,-0.236578,-0.992061,0.387985,-0.039169,0.458437,0.318415,0.384407,0.288265,0.496596,0.479905,0.001989,0.153542,0.263930,0.196043,0.236819,-0.115259,0.106076,0.648173,0.469232,0.337178,0.351816,0.065534,0.450789,0.242395
0.168253,0.055345,0.344648,-0.476592,0.020181,0.422112,-0.233106,-0.034929,0.007231,0.053112,0.134564,-0.506267,0.415409,-0.056689,-0.476598,-0.088866,-0.024100,-0.815369,0.164232,0.118330,0.311402,0.247335,0.220641,0.150105,0.081448,0.066223,0.031469,0.272961,0.404091,0.276985,0.032953,0.120929,0.132169,0.196295,0.244043,0.335058,0.358435,0.178270,0.231026,0.106795
0.282402,0.032040,0.361401,-1.255173,-0.215233,1.105191,-0.754983,-0.116467,0.128208,0.338509,0.035885,-1.137644,1.258656,-0.276479,-0.513339,-0.310328,-0.212293,-1.032670,0.552733,-0.284543,0.422594,0.469182,0.242068,0.296501,0.632779,0.653862,-0.240576,0.042127,0.141970,0.284926,0.537832,0.012130,0.404598,0.560888,0.482232,0.288724,0.552028,0.147387,0.541186,0.025710
0.306430,0.002298,0.206732,-0.944665,-0.072463,0.529520,-0.674829,-0.093277,0.055521,0.106729,0.136547,-0.619686,0.696841,-0.317163,-0.378270,-0.256444,-0.248481,-0.495478,0.520296,-0.127832,0.258517,0.309506,0.226318,0.040383,0.475612,0.506168,-0.207932,0.290846,0.229307,0.079381,0.376489,0.196657,0.259572,0.466789,0.374671,0.114824,0.273256,0.268116,0.362207,0.178061
0.033797,-0.065932,0.274657,-0.425251,0.019172,0.211487,-0.211473,0.085201,-0.084787,0.045832,0.142640,-0.352055,0.390806,-0.209028,-0.266425,-0.150786,-0.136004,-0.497331,0.295283,-0.058631,0.265454,0.288438,0.006151,0.087609,0.210880,0.126983,0.042341,0.053259,0.274496,0.020950,0.177113,0.035489,0.203187,0.368973,0.190233,0.261457,0.305264,0.190428,0.235133,0.078956
0.049446,0.396718,0.393379,-1.063076,0.187837,1.041267,-0.868307,-0.117280,-0.306710,0.256528,-0.087784,-0.880264,0.985409,0.231592,-0.623494,-0.030120,-0.475942,-0.901858,0.369478,-0.021851,0.434484,0.560183,0.582877,0.261305,0.411099,0.459568,0.304820,0.319584,0.457826,0.222551,0.284165,0.118082,0.227180,0.640165,0.535160,0.056274,0.623546,0.137856,0.828170,-0.021684
0.100677,-0.146190,0.289527,-0.407856,0.062950,0.477178,-0.351120,-0.023438,-0.061198,0.133657,0.063369,-0.471879,0.394499,-0.148001,-0.345700,-0.185292,-0.273979,-0.481139,0.119576,0.078220,0.205895,0.237887,0.174053,0.201229,0.242783,0.098546,-0.088376,0.200045,0.166261,0.089860,0.084049,0.054322,0.173327,0.212813,0.072753,0.093510,0.397038,0.125051,0.261812,0.109371
0.295941,-0.209774,0.324865,-0.482214,0.090452,0.393258,-0.131775,-0.017126,-0.221484,0.165777,0.096705,-0.296403,0.433862,-0.112883,-0.507704,-0.261074,-0.017118,-0.514156,0.101987,0.208039,0.348066,0.142416,0.238930,0.182688,0.147403,0.000417,0.164566,0.185063,0.343644,0.135663,0.037353,0.110534,0.171920,0.207463,0.169125,0.154527,0.306784,0.049611,0.296459,-0.039024
0.113316,-0.187493,0.395315,-0.339325,-0.048049,0.522493,-0.308151,-0.094443,0.072398,0.119693,0.132604,-0.623845,0.604207,-0.187765,-0.311296,-0.213181,-0.217953,-0.734715,0.256725,0.028917,0.220034,0.310165,-0.001733,0.196595,0.295061,0.174022,-0.093528,0.151717,0.260133,0.205924,0.080604,0.009146,0.144409,0.188682,0.174838,0.137196,0.332667,0.160086,0.264696,0.164965
0.231068,0.022418,0.270979,-0.790632,0.037902,0.514905,-0.649040,-0.035760,-0.142650,0.196142,0.168287,-0.625504,0.594697,-0.242307,-0.554879,-0.123670,-0.279350,-0.552799,0.338407,0.037121,0.300313,0.274539,0.161226,0.203508,0.341683,0.187542,-0.047224,0.385442,0.194616,0.037275,0.102991,0.103816,0.241304,0.546021,0.336958,0.112669,0.412550,0.210117,0.309476,0.119375
-0.043762,0.004262,0.345198,-0.677313,0.057147,0.674794,-0.527820,-0.031598,-0.072200,-0.048093,0.045317,-0.810908,0.660268,-0.319026,-0.497954,-0.285603,-0.311238,-0.890314,0.202909,-0.031428,0.322809,0.399715,0.298637,0.238690,0.383065,0.044088,0.135095,0.175921,0.209225,0.277109,0.099862,-0.037939,0.166978,0.352569,0.321535,0.281276,0.501132,0.036394,0.376063,0.270914
0.239851,-0.006423,0.334821,-0.454110,0.012450,0.264145,-0.093946,-0.058991,-0.012573,0.108969,0.011449,-0.304607,0.424552,-0.099735,-0.266828,-0.103679,-0.020063,-0.609023,0.244111,0.036716,0.229129,0.263847,0.026645,0.085419,0.309319,0.156896,0.039423,0.267630,0.255349,0.091439,0.146559,0.004306,0.160297,0.157482,0.284090,0.260966,0.245202,0.217862,0.203051,0.052643
0.284043,-0.101445,0.325201,-0.715876,0.081975,0.304802,-0.589066,-0.125771,-0.273053,0.135700,0.078877,-0.556147,0.542883,-0.316958,-0.558874,-0.231145,-0.042746,-0.598458,0.379895,0.034138,0.381918,0.379071,0.256465,0.185065,0.291757,0.251433,-0.005440,0.219471,0.212173,0.150328,0.138340,0.105051,0.228311,0.400642,0.401981,0.359160,0.180636,0.155934,0.367488,0.144211
0.168953,0.025346,0.119767,-0.487006,0.119151,0.249149,-0.304977,-0.119963,-0.214441,0.010858,0.091965,-0.359344,0.401941,-0.135117,-0.340922,-0.125885,-0.083683,-0.320029,0.272044,0.044295,0.074876,0.240831,0.170149,0.120442,0.181575,0.077453,-0.006389,0.179770,0.143074,0.156681,-0.073628,0.160235,0.182693,0.191963,0.168723,0.137713,0.199628,0.167597,0.296412,0.056652
0.287794,-0.002769,0.094070,-0.821245,0.028000,0.488909,-0.552295,-0.133602,-0.226815,0.110325,0.325664,-0.536554,0.731657,-0.195219,-0.439853,-0.170361,-0.191024,-0.521034,0.224083,0.045551,0.422531,0.281158,0.158730,0.129500,0.121270,0.153650,0.043387,0.273081,0.214633,0.083709,0.090238,0.115117,0.337580,0.488704,0.315166,0.139491,0.221732,0.222201,0.372805,0.123345
0.206851,-0.022885,0.244472,-0.464609,0.110865,0.358612,-0.313162,0.027257,-0.015731,0.132026,0.136683,-0.510434,0.535057,-0.284566,-0.198321,-0.144538,-0.115947,-0.540234,0.183570,0.007046,0.246444,0.308779,-0.036839,0.148274,0.314226,0.102599,-0.014101,0.193870,0.226875,0.083457,0.042984,0.031071,0.304030,0.240947,0.326890,0.153745,0.266129,0.297426,0.312346,0.120688
0.111080,-0.182354,0.296831,-0.521886,0.007066,0.217696,-0.249355,-0.108967,-0.078739,-0.064367,0.094404,-0.237084,0.365752,-0.107859,-0.344031,-0.187473,-0.190908,-0.555902,0.145862,-0.039274,0.240916,0.191750,0.162516,0.025891,0.266630,0.035542,0.028970,0.035720,0.328177,0.118934,0.159640,0.026734,0.063827,0.372188,0.185830,0.172110,0.292852,-0.069052,0.284805,-0.001878
0.165206,-0.118521,0.437505,-0.648468,0.117764,0.367824,-0.463294,-0.176784,-0.023584,0.102842,-0.143596,-0.516963,0.388253,-0.080315,-0.416179,-0.103356,-0.065899,-0.664140,0.170118,0.107320,0.403872,0.257449,0.113528,0.162185,0.390683,0.233218,0.038736,0.179041,0.226886,0.088379,0.192675,-0.057297,0.192163,0.327354,0.284430,0.241212,0.265949,0.129190,0.214152,0.000956
0.234413,0.071820,0.160473,-0.323236,0.092290,0.283118,-0.177856,-0.035094,-0.132767,0.038914,0.101819,-0.234893,0.400284,-0.043374,-0.271421,-0.056446,-0.063545,-0.352749,0.210700,0.066955,0.098251,0.252390,0.025151,0.110431,0.170269,0.064076,-0.118671,0.252433,0.175342,0.083664,-0.027372,0.221131,0.017602,0.240224,0.284684,0.012817,0.282111,0.159783,0.131137,0.094394
-0.138167,0.138941,0.048797,-1.102723,-0.025024,0.663332,-0.595981,-0.293297,-0.352652,0.000318,-0.091022,-0.519143,0.636365,-0.203249,-0.683118,-0.299639,-0.162290,-0.802942,-0.021705,0.083976,0.325978,0.418931,0.443435,0.113912,0.181601,0.125244,-0.006921,0.511144,0.265798,0.011274,0.361499,0.118745,0.236642,0.531858,0.503109,0.257045,0.430468,0.100413,0.516798,0.246233
0.233958,0.116137,0.286662,-1.143238,0.146174,0.855540,-0.580812,-0.116115,-0.111226,0.159158,-0.094384,-0.506898,0.919717,-0.423976,-0.458691,-0.440798,-0.233276,-0.863682,0.287127,0.170396,0.523679,0.321089,0.407377,0.236038,0.536300,0.243609,0.014968,0.421981,0.324098,0.103244,0.343723,0.282520,0.626547,0.342042,0.846180,0.461690,0.446447,0.312236,0.631123,-0.003409
0.155062,0.008988,0.669294,-0.840383,-0.213325,0.688351,-0.636121,-0.033016,0.163428,0.229912,0.352763,-0.888703,0.476752,-0.365350,-0.509973,-0.175154,-0.147248,-0.881010,0.405341,-0.030276,0.480042,0.189762,0.446995,0.337518,0.518672,0.455530,-0.088084,0.088471,0.345051,0.257729,0.264127,0.051071,0.175875,0.365776,0.298070,0.389477,0.294735,0.126094,0.352473,0.140504
0.256005,-0.067776,0.201961,-0.691239,0.036022,0.230546,-0.305350,-0.109401,-0.175405,0.086308,0.047388,-0.423171,0.459321,-0.213533,-0.486363,-0.207293,-0.084837,-0.579067,0.270268,0.089037,0.340044,0.348763,0.223178,0.109773,0.172867,0.095836,0.077635,0.239816,0.266544,0.166581,0.163015,0.003247,0.300346,0.281413,0.290846,0.307433,0.256903,0.188319,0.336986,0.044246
0.130154,-0.113030,0.346147,-0.475007,-0.074300,0.340092,-0.254305,-0.018496,0.047877,0.115617,0.109286,-0.444713,0.538917,-0.246527,-0.214163,-0.095722,-0.082539,-0.713182,0.276406,-0.122211,0.253451,0.342903,-0.048494,0.081717,0.323614,0.217215,0.050775,0.175885,0.286875,0.087750,0.118639,-0.058027,0.201228,0.306313,0.224106,0.297560,0.330903,0.194735,0.248184,0.111533
0.402971,0.229291,0.693088,-1.465843,-0.014463,1.346488,-1.149052,-0.263817,-0.276743,0.323544,0.230466,-1.411693,1.421043,0.026162,-0.647285,-0.104848,-0.362180,-1.439263,0.748864,-0.009282,0.518407,0.603509,0.472474,0.186105,0.764468,0.644699,0.274758,0.316291,0.297000,0.579519,0.138639,-0.005944,0.431789,0.709190,0.463682,0.416478,0.843163,0.337572,1.080510,-0.061871
0.219021,-0.027316,0.438187,-0.752157,0.079781,0.652510,-0.632558,-0.035962,-0.022587,0.055348,0.228504,-0.520681,0.696841,-0.053482,-0.559854,-0.030022,-0.384778,-0.967246,0.133398,-0.148902,0.238019,0.462039,0.180406,0.402359,0.099639,0.048223,0.025140,0.192620,0.348715,0.251273,-0.004579,-0.072217,-0.043688,0.528491,0.286617,0.164047,0.567656,0.078341,0.447125,0.159933
1.543136,1.008730,0.296900,-3.640001,0.553710,2.653656,-1.809924,-0.097371,0.382869,-0.080891,-0.550556,-1.844345,2.406098,0.332039,-1.531004,0.137177,-1.602997,-4.182485,1.494593,-1.093069,1.050151,1.416171,1.094510,-0.023085,2.229126,0.816850,-0.167299,0.123834,1.042855,0.136746,1.104372,-1.330790,0.558281,1.312660,0.282050,0.892867,0.668723,0.130252,1.696831,0.529151
0.500739,-0.273624,0.498870,-1.036842,-0.044651,0.594231,-0.496901,-0.011818,-0.084206,0.266217,0.273627,-0.610377,0.857318,-0.520300,-0.458828,-0.267482,-0.082818,-1.075095,0.578622,-0.029969,0.428821,0.396045,-0.096154,0.165824,0.531322,0.508483,0.085084,0.055064,0.085691,-0.011554,0.397528,0.062110,0.309839,0.519799,0.473637,0.232877,0.319238,0.253674,0.305105,0.058128
0.232781,-0.083547,0.321425,-0.448953,0.204217,0.505549,-0.359899,-0.004619,-0.047299,0.182797,0.043756,-0.637691,0.746140,-0.292180,-0.370077,-0.213972,-0.173632,-0.640350,0.230601,0.062932,0.277896,0.362273,-0.064130,0.187174,0.345554,0.195463,-0.024653,0.265192,0.228408,0.189733,0.017382,0.092987,0.367509,0.204147,0.281737,0.198651,0.269266,0.269812,0.343429,0.179034
0.193049,0.026193,0.153200,-0.658215,-0.039177,0.398156,-0.310809,-0.121637,-0.060071,0.152381,0.272275,-0.463555,0.564921,-0.059911,-0.348006,-0.117013,-0.287838,-0.552125,0.267923,-0.009284,0.157677,0.264720,0.071080,0.107566,0.178460,0.107125,0.038211,0.174313,0.246431,0.060787,0.049860,0.180038,0.057101,0.365316,0.206116,0.107643,0.267881,0.174826,0.357635,0.038889
0.533884,0.048975,0.500111,-0.811646,0.086326,0.540864,-0.338292,-0.146845,-0.012193,0.141654,0.204831,-0.640049,0.981365,-0.333533,-0.412418,-0.374180,-0.132450,-1.091213,0.330134,0.096471,0.415312,0.311538,0.088980,0.136075,0.408062,0.214529,0.006242,0.263288,0.361328,0.272453,0.140549,0.122434,0.353779,0.401796,0.485375,0.287825,0.334383,0.328542,0.405414,0.246274
0.645120,-0.099161,0.713022,-1.182729,-0.051673,0.978580,-0.435703,-0.341993,0.085711,0.186113,0.277403,-0.792308,1.034106,-0.777744,-0.592200,-0.542118,-0.504667,-1.703092,0.504477,-0.344609,0.088840,0.332326,-0.009842,-0.040446,0.771946,0.491846,-0.077202,0.299292,0.149939,0.070106,0.239545,0.193606,0.276309,0.476998,0.839844,0.260709,0.205846,0.240015,0.539931,0.196506
0.163165,0.027717,0.224579,-0.483015,0.071050,0.387928,-0.401681,-0.100193,-0.116954,0.032428,0.213873,-0.459216,0.373313,-0.190255,-0.335066,-0.046929,-0.157952,-0.478288,0.207536,0.112976,0.331620,0.210312,0.138241,0.177576,0.141259,0.048059,-0.103356,0.088549,0.163307,0.142986,-0.039768,0.006166,0.177285,0.333900,0.195911,0.144532,0.271352,0.168263,0.250934,0.078319
0.128210,-0.087338,0.358278,-0.965698,-0.070925,0.331346,-0.432759,-0.116175,-0.086051,-0.020243,0.128468,-0.490943,0.538297,-0.259508,-0.562963,-0.216854,-0.352255,-0.830104,0.409040,-0.092742,0.374860,0.502745,0.350837,0.164401,0.194835,0.011652,0.059318,0.216347,0.430125,0.251284,0.164831,0.008969,0.182684,0.419866,0.090352,0.264997,0.269130,0.156901,0.475736,0.026967
0.101219,-0.091187,0.602304,-0.786960,-0.083351,0.486064,-0.566053,-0.066113,0.085973,0.027278,0.099770,-0.735273,0.492819,-0.182355,-0.342260,-0.133536,-0.334760,-0.866239,0.371920,-0.003743,0.422536,0.328895,0.301448,0.214769,0.611928,0.140081,0.138876,0.326807,0.339783,0.223561,0.208442,-0.009035,0.145021,0.374513,0.276680,0.290463,0.272177,0.138092,0.316004,-0.000056
0.489788,-0.161037,0.944833,-1.772738,0.278173,1.101811,-1.210129,-0.347945,-0.165278,0.315333,0.288101,-1.307649,1.687151,-0.358036,-0.988415,-0.439588,-0.574378,-1.849022,0.668213,-0.275613,0.453830,0.489913,0.489182,0.196497,0.830198,0.593297,0.127112,0.257952,0.426244,0.373415,0.292050,0.193782,0.707681,0.931282,0.533123,0.708035,0.776301,0.197112,1.098308,0.007192
0.375005,0.107481,0.450680,-0.637418,0.031119,0.476557,-0.470987,-0.110225,0.014836,0.120744,0.161593,-0.487989,0.376873,-0.125714,-0.383217,0.030939,-0.100246,-0.710672,0.192823,0.117026,0.372042,0.276833,0.216159,0.196632,0.195998,0.064057,0.004933,0.248590,0.261196,0.238259,-0.019608,0.127350,0.222145,0.372502,0.288953,0.067354,0.294269,0.112012,0.324166,-0.028089
0.116100,-0.125378,0.409673,-0.796094,0.066172,0.448239,-0.303594,-0.045691,-0.186366,0.043153,-0.039779,-0.528192,0.766341,-0.247767,-0.293839,-0.267832,-0.030726,-0.852533,0.257553,0.079591,0.114096,0.384403,0.120617,0.281620,0.309564,0.216713,-0.164532,0.166154,0.426161,0.064694,0.152033,0.085240,0.148960,0.137172,0.383062,0.374324,0.363791,0.166111,0.366517,0.182775
0.750800,0.410581,0.158336,-1.808691,-0.077700,0.918350,-1.258691,-0.179977,-0.509248,0.519479,0.523488,-0.985696,1.370527,-0.130814,-0.581121,-0.309532,-0.952020,-1.910532,0.954274,-0.611152,1.034418,0.663026,0.292428,0.018964,0.405151,0.664608,-0.129588,0.283046,0.568237,0.153211,0.216101,0.041628,0.045437,0.857398,0.265662,-0.316165,0.648942,0.415170,1.687291,-0.061310
0.075236,-0.127044,0.208074,-0.719339,0.060919,0.368420,-0.418756,-0.202009,-0.133888,-0.003693,0.021574,-0.417016,0.446605,-0.108005,-0.521100,-0.197006,-0.332745,-0.514934,0.196700,0.105285,0.254695,0.337548,0.376249,0.124432,0.291776,0.022049,0.025135,0.179151,0.194818,0.197300,0.059089,0.117846,0.208896,0.251168,-0.008752,0.196705,0.368965,0.065944,0.391037,0.059681
0.238092,0.275964,0.228846,-1.646275,-0.301612,0.839342,-0.972845,-0.275268,-0.143986,-0.004835,0.198979,-0.923378,1.069067,-0.348707,-0.681079,-0.396065,-0.439785,-1.458643,0.507739,-0.331113,0.317128,0.636740,0.552976,0.295826,0.263994,0.517280,-0.084271,0.297629,0.401836,0.401967,0.463300,0.114459,0.324322,0.687740,0.295530,0.536386,0.745848,0.111190,1.032098,0.036084
0.361555,0.111570,0.330100,-0.860137,-0.152297,0.487293,-0.535793,0.028678,0.165419,0.170412,0.146385,-0.671591,0.601413,-0.180837,-0.513348,-0.282611,-0.224344,-0.708772,0.470097,-0.005889,0.358787,0.407486,0.370087,-0.020545,0.420754,0.308052,-0.070194,0.207136,0.323075,0.275098,0.155003,0.031163,0.164904,0.361754,0.333649,0.171296,0.231770,0.155049,0.239011,0.100740
0.440130,-0.055521,0.347802,-1.032070,-0.056933,0.312733,-0.788057,-0.079542,0.101830,0.182939,0.050998,-0.736563,1.056861,-0.223367,-0.280618,-0.349944,-0.046207,-0.792310,0.483980,-0.120775,0.437371,0.315380,-0.090389,0.186259,0.492183,0.558811,0.047346,0.005724,0.214197,0.132850,0.422553,0.185762,0.305974,0.623300,0.327581,0.124400,0.370827,0.165473,0.283443,0.058413
0.293523,-0.018251,0.168647,-0.535985,0.127994,0.365423,-0.346483,-0.091380,-0.217957,0.140848,0.061704,-0.348281,0.460230,-0.100269,-0.532509,-0.146277,-0.038547,-0.498262,0.163506,0.111519,0.307684,0.253623,0.179725,0.160391,0.206627,0.121451,0.081019,0.316069,0.231434,0.134097,0.064202,0.180766,0.290597,0.272086,0.204941,0.202756,0.269581,0.091231,0.351881,0.024685
0.312789,-0.089021,0.337436,-0.750301,0.084239,0.321007,-0.612195,-0.131694,-0.254709,0.140320,0.085198,-0.574021,0.571238,-0.310035,-0.580927,-0.232819,-0.048718,-0.638238,0.393124,0.029987,0.405586,0.384152,0.274700,0.186618,0.320389,0.265351,0.005173,0.233774,0.217647,0.156337,0.146100,0.106680,0.227484,0.409426,0.399744,0.364184,0.185498,0.160457,0.382357,0.147495
0.109649,-0.106126,0.238066,-0.431117,-0.032546,0.125929,-0.255688,-0.128698,-0.043404,0.053527,0.171375,-0.333295,0.404302,-0.195250,-0.303280,-0.138753,-0.102524,-0.590059,0.125063,-0.029955,0.238972,0.174720,0.173346,0.180901,0.112979,0.108696,-0.012070,-0.009526,0.230880,0.152594,0.076045,0.120410,0.151733,0.183576,0.141322,0.153265,0.316277,0.185667,0.312381,0.007854
0.557739,0.169704,0.535786,-1.072880,-0.092433,0.847986,-0.657927,0.051673,0.286830,0.344504,0.272770,-1.015929,1.067826,-0.357820,-0.674727,-0.279587,-0.153554,-1.265118,0.533266,0.023112,0.652570,0.422797,0.130922,0.213166,0.542148,0.450278,0.081000,0.235229,0.489931,0.256402,0.255137,-0.065727,0.276877,0.722544,0.663556,0.294255,0.383866,0.098450,0.256217,0.175903
0.236137,-0.154171,0.247462,-0.609329,0.046102,0.461998,-0.409603,-0.180929,-0.068891,-0.015378,0.085562,-0.586153,0.886620,-0.174242,-0.406190,-0.304302,-0.092886,-0.545377,0.261588,0.145020,0.191566,0.291508,-0.062886,0.159645,0.320098,0.393985,-0.014745,0.205799,0.193304,0.084470,0.094170,0.155481,0.253192,0.327004,0.349752,0.145997,0.224870,0.266043,0.166823,0.162890
0.509763,0.145743,0.385302,-1.456749,-0.287824,0.889525,-1.094595,-0.274817,0.173901,0.174338,0.276038,-1.184645,1.513235,-0.378731,-0.766425,-0.419339,-0.433482,-1.666200,1.035923,-0.032326,0.819740,0.564167,0.339228,0.071112,0.774953,0.635498,-0.363670,0.151809,0.572338,0.036090,0.074021,-0.101402,0.211280,0.516010,0.623179,0.241286,0.313752,0.308932,0.914834,0.237614
0.304423,-0.010773,0.199998,-0.831824,0.015244,0.363462,-0.255630,-0.205388,-0.130227,0.220417,0.179584,-0.441262,0.396224,0.028572,-0.541868,-0.209236,-0.186020,-0.719311,0.275640,0.111821,0.279985,0.375814,0.492292,0.200793,0.126560,-0.038167,0.019649,0.267836,0.435870,0.233187,0.032774,0.192428,0.050330,0.307573,0.148988,0.104929,0.271978,0.020811,0.451670,-0.060333
0.392598,0.152416,0.302250,-0.990604,0.061924,0.490056,-0.668495,0.055694,0.149731,0.262690,0.315450,-0.803564,0.956461,-0.360282,-0.168757,-0.222993,-0.102040,-0.877908,0.506248,-0.186773,0.316413,0.347957,0.227959,0.203266,0.606219,0.379690,0.067120,0.234510,0.186459,0.183865,0.263156,0.123248,0.461946,0.428878,0.571798,0.144962,0.376630,0.220263,0.488727,0.112224
0.144060,0.042081,0.122180,-0.494510,0.030885,0.247582,-0.138864,-0.054428,-0.082349,0.077322,0.033002,-0.289826,0.406456,-0.082023,-0.294464,-0.125267,-0.016612,-0.481692,0.326596,0.054573,0.100714,0.313277,0.133458,0.056240,0.181279,0.108709,-0.051228,0.289110,0.311007,0.135335,0.072125,0.058639,0.176064,0.187688,0.153259,0.167088,0.278437,0.203129,0.187974,0.095568
0.333427,0.067127,0.411403,-1.160376,-0.091635,0.329588,-0.679419,-0.026649,0.128364,0.223380,0.083051,-0.684017,0.831366,-0.503128,-0.495477,-0.319297,-0.134190,-0.795211,0.646800,-0.108471,0.426415,0.435242,0.242236,0.179643,0.583932,0.604873,-0.134064,0.158161,0.248949,0.081674,0.323126,0.169603,0.302628,0.546439,0.376303,0.200258,0.362617,0.186896,0.368905,0.217684
0.199458,0.008998,0.265698,-0.478593,-0.048419,0.296889,-0.279030,-0.077204,-0.079697,-0.007541,0.223388,-0.393796,0.315883,-0.221855,-0.419623,-0.127614,-0.180925,-0.501358,0.281923,0.061885,0.287068,0.269594,0.303797,0.038630,0.115153,-0.014130,-0.116392,0.072307,0.231591,0.190374,-0.111967,0.007250,0.099471,0.338302,0.127364,0.173721,0.200168,0.098581,0.251659,0.097336
0.048239,-0.010572,0.544827,-0.845332,-0.034765,0.795177,-0.696321,-0.258718,-0.106956,-0.007484,0.013365,-0.587498,0.531721,-0.120581,-0.551207,-0.280240,-0.444889,-0.995250,0.102703,-0.176136,0.413557,0.257189,0.299371,0.290065,0.292869,0.213924,-0.012395,0.215312,0.148018,0.235476,0.292140,-0.049028,-0.009501,0.430020,0.388276,0.341294,0.316035,-0.012521,0.465744,0.089333
0.136085,-0.033561,0.272428,-0.491410,0.096601,0.394329,-0.360635,-0.072613,-0.067457,0.011407,0.214229,-0.501962,0.487427,-0.187112,-0.314300,-0.196515,-0.226090,-0.425169,0.218567,-0.052597,0.170470,0.274193,0.062029,0.010882,0.281903,0.122770,-0.053555,0.059159,0.030981,0.239776,-0.073409,0.000129,0.134831,0.175523,0.134585,0.073777,0.296846,0.247889,0.302628,0.096895
0.059449,-0.073176,0.378438,-0.716919,-0.080853,0.654247,-0.625516,-0.260731,0.063285,0.088944,0.251101,-0.831210,0.817669,-0.284534,-0.604097,-0.434895,-0.346693,-0.758424,0.301616,-0.004633,0.258854,0.331367,0.339625,-0.046436,0.393295,0.232525,0.008886,0.247390,0.225155,0.154116,0.377584,0.239587,0.240013,0.478154,0.426694,0.270522,0.186050,0.165667,0.367283,0.140208
0.147270,0.146300,0.370988,-0.978608,0.201282,0.329355,-0.454386,-0.166477,-0.167399,0.065982,-0.181482,-0.517628,0.627338,-0.278504,-0.660573,-0.269168,-0.145161,-0.969085,0.141348,-0.014026,0.589472,0.339059,0.200502,0.157814,0.326913,0.154673,-0.087060,0.289122,0.011841,0.269873,0.388397,-0.125309,0.204684,0.446273,0.543078,0.509451,0.250886,0.077279,0.185711,0.183015
0.085557,0.080873,0.384889,-0.740161,0.066114,0.544697,-0.558096,0.050278,-0.064261,-0.103678,0.134385,-0.733702,0.661228,-0.332501,-0.423768,-0.271992,-0.208648,-0.738708,0.356724,-0.139038,0.149730,0.454520,0.414639,0.132124,0.371566,0.262629,0.016879,0.233646,0.232023,0.025957,0.061251,0.103403,0.187027,0.539367,0.265274,0.218499,0.364307,0.036423,0.492214,0.394245
0.185358,-0.185638,0.433481,-0.555004,-0.017539,0.281485,-0.269901,-0.013661,-0.044951,0.113727,0.134336,-0.353769,0.279441,-0.108611,-0.363093,-0.139269,-0.198278,-0.577284,0.198213,0.056200,0.260214,0.228406,0.177561,0.203216,0.157514,-0.002751,0.039703,0.180001,0.332439,0.084083,-0.012948,0.033099,0.079417,0.328031,0.097465,0.055118,0.246356,0.108515,0.303325,0.007964
0.132708,-0.064601,0.327257,-0.380951,0.136096,0.304612,-0.336326,-0.069584,-0.137409,0.130895,-0.014506,-0.498920,0.650349,-0.328924,-0.168331,-0.226728,-0.032557,-0.559316,0.220275,0.023954,0.161746,0.290125,-0.006394,0.185966,0.330723,0.273864,-0.072889,0.158619,0.156893,0.148308,0.066282,0.122816,0.251059,0.101146,0.288975,0.257362,0.160988,0.194137,0.341813,0.164582
0.292959,-0.031198,0.130604,-0.544900,0.081239,0.260931,-0.222736,-0.138805,-0.098986,0.142611,0.022044,-0.134265,0.336010,0.025994,-0.334220,-0.130048,-0.035772,-0.555119,0.278872,0.062119,0.112693,0.169582,0.212586,0.121382,0.341303,0.104006,-0.107920,0.205271,0.190243,0.085485,0.152738,0.161236,0.055757,0.202324,0.295022,0.094697,0.271154,-0.013321,0.125398,0.088081
0.110443,0.048225,0.308139,-0.787076,0.130429,0.393321,-0.326488,-0.075740,-0.050541,0.049471,0.052566,-0.514247,0.424268,-0.208251,-0.637554,-0.215139,-0.263284,-0.659179,0.264026,0.095413,0.340833,0.429388,0.379053,0.107075,0.212766,0.091556,-0.029007,0.262493,0.176106,0.389366,0.115807,-0.104982,0.198805,0.341021,0.218175,0.324310,0.340182,0.041961,0.167364,0.043030
0.514251,0.136494,0.462541,-0.727602,-0.013807,0.489379,-0.363545,-0.098752,0.157745,0.123132,0.178541,-0.797171,0.864100,-0.196736,-0.442536,-0.243314,-0.208117,-0.978557,0.328217,0.163955,0.376517,0.257953,0.068980,0.069738,0.522935,0.237006,-0.082749,0.292507,0.272653,0.327573,0.076416,0.018361,0.271039,0.244392,0.427270,0.260767,0.255169,0.259341,0.294046,0.104354
0.390200,0.308618,0.351795,-1.228289,-0.027547,0.818537,-0.583403,0.085133,0.139249,0.024135,0.030630,-0.934000,0.866411,-0.432964,-0.365501,-0.260980,-0.065177,-0.913265,0.497361,-0.125993,0.311955,0.507194,0.504037,0.059947,0.559289,0.440839,-0.116560,0.326927,0.223481,0.140701,0.395222,0.194052,0.322866,0.505152,0.625290,0.443811,0.405266,0.328353,0.603975,0.017595
0.358240,0.135106,0.256555,-0.950583,0.013803,0.608322,-0.595316,-0.193981,-0.223979,0.269542,0.279446,-0.621849,0.537242,0.086892,-0.534215,-0.198593,-0.349396,-0.781590,0.285060,0.046072,0.420317,0.412544,0.391737,0.316750,0.127506,0.093079,-0.031822,0.299515,0.295545,0.138410,0.085985,0.118147,0.155245,0.345939,0.247952,0.083335,0.249678,0.083489,0.552737,-0.001644
0.350023,0.079683,0.533044,-0.586109,-0.101256,0.603569,-0.492032,-0.099660,0.114822,0.213496,0.024800,-0.809474,0.633480,-0.224525,-0.418313,-0.281191,-0.084634,-0.784720,0.393231,0.091925,0.409552,0.446595,0.185909,0.260420,0.390357,0.359656,-0.030129,0.241957,0.340366,0.316615,0.122074,0.139357,0.105247,0.343527,0.287991,0.291664,0.173298,0.061815,0.297733,0.193701
-0.034294,-0.184727,0.571495,-1.054597,0.094806,0.715318,-0.740357,-0.127004,-0.141697,0.152084,0.000981,-0.728979,0.944445,-0.183190,-0.656369,-0.245879,-0.342192,-1.594296,0.281042,-0.194816,0.539617,0.378546,0.208816,0.393437,0.466395,0.355292,0.125650,0.178362,0.248461,0.314061,0.303151,-0.253154,0.039163,0.570637,0.370244,0.544330,0.677396,0.167611,0.540924,0.054298
0.293861,-0.057022,0.302547,-0.692084,0.018218,0.537991,-0.310262,0.045739,-0.078053,0.142678,0.482603,-0.520576,0.605274,-0.270924,-0.336247,-0.072516,-0.248655,-0.657431,0.229315,0.033138,0.331817,0.262436,0.181167,0.228193,0.138987,0.120441,0.049358,0.084610,0.339777,0.075366,0.010660,0.242372,0.161270,0.373310,0.238219,0.101173,0.288255,0.095889,0.397411,0.168381
0.294169,-0.014641,0.427778,-0.837368,0.115801,0.305659,-0.319200,-0.138149,-0.057174,0.043467,0.085542,-0.424666,0.586372,-0.094664,-0.706326,-0.274459,-0.042559,-0.913663,0.306086,0.199137,0.375504,0.253107,0.159231,0.278353,0.242048,0.291831,0.162366,0.225328,0.256783,0.117896,0.217277,0.097039,0.108146,0.365545,0.317890,0.269893,0.272890,0.078165,0.217182,0.063036
0.371044,0.134865,0.495378,-0.939903,0.045851,0.650836,-0.672778,-0.016403,0.233849,0.129604,0.104358,-0.552373,0.700504,-0.565855,-0.195054,-0.166809,-0.138328,-1.031081,0.409775,-0.183058,0.439262,0.417153,0.265192,0.045251,0.560985,0.365026,-0.061528,0.377592,0.178497,0.345968,0.199894,0.074085,0.174023,0.524409,0.644142,0.265615,0.253651,0.102599,0.286990,0.338682
0.253797,0.058756,0.475164,-0.938298,-0.216492,0.527308,-0.674042,-0.035943,0.041353,0.193100,0.309715,-0.637409,0.646768,-0.181297,-0.358416,-0.266252,-0.294016,-0.767659,0.579988,-0.178813,0.354851,0.379404,0.265206,0.177367,0.517190,0.571866,-0.075758,0.086535,0.200138,0.139860,0.338567,-0.016081,0.115166,0.490041,0.389399,0.015297,0.075568,0.211691,0.420583,0.203099
0.140112,0.100500,0.242834,-0.746416,0.108874,0.288123,-0.350603,-0.054242,-0.007225,0.028940,0.013077,-0.384080,0.439590,-0.243586,-0.391609,-0.136216,-0.196885,-0.632491,0.271027,-0.101767,0.226500,0.390871,0.243054,0.176436,0.205338,0.122056,-0.026963,0.240634,0.260586,0.214208,0.113761,-0.023094,0.246956,0.336004,0.209171,0.139182,0.297014,0.102131,0.385602,0.142609
0.303121,-0.091318,0.253898,-0.397404,0.049962,0.208132,-0.070357,-0.081451,-0.117746,0.094339,0.055178,-0.141414,0.419093,-0.046132,-0.292473,-0.144581,0.037793,-0.525889,0.255365,0.123373,0.187134,0.255586,0.047947,0.060744,0.321254,0.159697,-0.067658,0.228904,0.243215,0.080262,0.136396,0.052578,0.059067,0.197372,0.288657,0.202142,0.230675,0.228349,0.082766,0.073864
0.434789,0.042497,0.231005,-1.145739,-0.060629,0.275802,-0.725863,-0.093399,-0.113700,0.073900,0.183257,-0.635110,0.614271,-0.345394,-0.706057,-0.392551,-0.006436,-0.849834,0.382448,0.176470,0.510300,0.396252,0.434751,0.289861,0.275669,0.341762,-0.023113,0.248058,0.299171,0.237517,0.259259,0.206838,0.171788,0.521156,0.376782,0.306247,0.288299,0.069074,0.370713,0.120464
0.264389,-0.110509,0.334504,-0.502819,0.010964,0.385367,-0.284194,-0.172951,-0.041689,0.141554,0.061495,-0.489947,0.450664,-0.100226,-0.370129,-0.134025,-0.086590,-0.659851,0.160909,0.082484,0.336796,0.213651,0.209941,0.151013,0.246907,0.034768,-0.024988,0.118621,0.264705,0.217454,0.069142,0.053286,0.193069,0.154841,0.146548,0.193886,0.238691,0.107066,0.309460,0.034390
0.142509,-0.049795,0.465157,-0.843467,0.062243,0.698396,-0.641681,-0.010773,0.108147,0.157385,-0.144916,-0.730399,0.425660,-0.219507,-0.724520,-0.162173,-0.370817,-0.957955,0.513431,-0.068213,0.334543,0.407777,0.496235,0.171234,0.557213,0.353012,-0.073720,0.320239,0.203952,0.218203,0.211349,-0.042098,0.018411,0.470203,0.280763,0.284144,0.339838,-0.061456,0.399965,0.158532
0.396660,0.019734,0.533106,-1.188545,-0.095095,0.946336,-0.836103,-0.089622,0.098083,0.213958,0.395501,-1.269056,1.128208,-0.363734,-0.435182,-0.343067,-0.396570,-1.088982,0.427963,0.107773,0.504847,0.299237,0.459071,0.205292,0.663121,0.536196,-0.263394,0.206196,0.387887,0.368008,0.213622,0.017787,0.458417,0.362006,0.585380,0.335918,0.243732,0.331216,0.631161,0.089310
0.605012,-0.031980,0.892607,-1.368198,-0.192786,0.947244,-0.609949,-0.203712,0.191119,0.382570,0.248994,-1.249602,1.423750,-0.553277,-0.732512,-0.292646,-0.423513,-2.142832,0.800667,-0.292621,0.640995,0.608926,0.365092,0.169176,0.602510,0.546130,0.089858,0.225615,0.375460,0.590792,0.336600,-0.305209,0.356639,0.550997,0.490829,0.617198,0.477191,0.070567,0.394805,0.053584
0.414234,-0.109674,0.342153,-0.657507,-0.051549,0.655991,-0.285673,-0.054081,-0.116629,0.257006,0.341992,-0.619164,0.876852,-0.187560,-0.457752,-0.252722,-0.297085,-0.911168,0.295496,0.137279,0.387875,0.286617,0.034908,0.202125,0.163896,0.175341,-0.079701,0.099068,0.332135,0.135657,-0.073390,0.038190,0.303255,0.260814,0.236968,0.139079,0.285550,0.172824,0.418299,0.185176
-0.156975,-0.074822,0.378331,-0.821914,-0.139959,0.634204,-0.656823,-0.299957,-0.223858,-0.121205,0.056440,-0.686971,0.603652,-0.058843,-0.685102,-0.332852,-0.238788,-0.750926,0.126201,-0.061711,0.114831,0.353881,0.401302,0.160683,0.389390,0.251188,0.053749,0.207572,0.282995,0.145112,0.118914,0.035447,0.004191,0.487036,0.268769,0.228442,0.314549,0.045484,0.560473,0.195572
0.471881,0.253390,0.238685,-1.006935,-0.152749,0.756077,-0.600745,-0.065900,0.070031,0.272912,0.538295,-0.763516,1.155931,-0.306239,-0.458775,-0.476684,-0.036429,-0.729953,0.438545,-0.095325,0.374233,0.329632,0.209746,0.330796,0.455251,0.507981,-0.002355,0.074863,0.223774,0.218860,0.159942,0.168060,0.311223,0.329556,0.409063,0.157064,0.021275,0.212986,0.520052,0.155441
0.134299,-0.097944,0.224041,-0.305416,0.039250,0.265509,-0.176739,-0.038674,0.022786,0.082432,0.033696,-0.365958,0.362362,-0.143048,-0.207855,-0.100864,-0.069549,-0.459171,0.186583,0.054324,0.233212,0.221595,0.045321,0.127904,0.295305,0.111608,0.030167,0.159934,0.184094,0.099154,0.099599,0.030747,0.186951,0.105684,0.169242,0.141447,0.262043,0.131549,0.185187,0.055584
0.328994,0.197424,0.384892,-1.143672,-0.171574,0.511515,-0.645349,-0.071839,0.183551,0.086716,0.142231,-0.614419,0.837288,-0.422062,-0.322484,-0.347290,-0.179319,-0.809622,0.594026,-0.197420,0.399119,0.395105,0.370916,-0.021247,0.512025,0.491166,-0.127548,0.230670,0.286108,0.179187,0.366216,0.116876,0.256283,0.652384,0.574462,0.225508,0.196502,0.100254,0.440748,0.368504
0.197192,0.136362,0.360561,-0.832083,0.026910,0.774158,-0.668223,-0.129924,-0.142503,0.186476,-0.020152,-0.794486,0.707380,-0.223613,-0.922991,-0.263108,-0.246955,-0.801239,0.182655,0.109333,0.386169,0.265721,0.378651,0.253569,0.304827,0.101729,0.069565,0.304252,0.177734,0.197706,0.216700,0.017417,0.085876,0.524068,0.390701,0.179772,0.336995,-0.063333,0.334063,0.143448
0.052376,0.074090,0.298708,-0.550524,0.249480,0.350705,-0.458903,-0.003655,0.011715,0.011433,-0.108438,-0.389095,0.440972,-0.216666,-0.172652,-0.125876,-0.160168,-0.706201,0.154602,-0.019957,0.315907,0.301898,0.105500,0.216661,0.451117,0.198964,0.015632,0.234768,0.190079,0.084542,0.248822,-0.085834,0.331057,0.361749,0.318158,0.159683,0.412981,0.119068,0.311822,0.088028
0.400917,-0.016072,0.245135,-0.664463,0.003396,0.371076,-0.345564,-0.083783,-0.159630,0.161857,0.093756,-0.466545,0.575931,-0.025490,-0.445459,-0.133739,-0.086981,-0.677154,0.161687,0.134358,0.351741,0.307165,0.274968,0.264563,0.134404,0.211805,0.011266,0.117146,0.346621,0.158988,-0.023508,0.291200,0.187074,0.273106,0.183484,0.023807,0.359229,0.022148,0.330455,0.040015
0.258180,-0.207812,0.338772,-0.558179,-0.057308,0.441839,-0.433059,-0.076525,-0.194969,0.150143,0.149916,-0.504105,0.330365,-0.183272,-0.461148,-0.237632,-0.069857,-0.664341,0.096630,0.119472,0.426156,0.272573,0.298290,0.250552,0.096392,0.005270,-0.066099,0.070167,0.335968,0.170476,0.048825,0.164266,0.104097,0.268242,0.045551,0.094028,0.336267,0.050134,0.408874,0.045286
0.135460,0.076137,0.152208,-0.684040,0.096068,0.474998,-0.482451,-0.199196,-0.204818,0.053425,0.138471,-0.386219,0.407286,0.086329,-0.384151,-0.101929,-0.171503,-0.416277,0.157935,0.110844,0.194330,0.167249,0.186591,0.088016,0.208349,0.129733,-0.045842,0.199531,0.108164,0.063423,0.088403,0.117619,-0.028871,0.386609,0.129287,-0.024282,0.216288,0.104152,0.217375,-0.066365
-0.030660,0.230823,0.359780,-1.319943,-0.196269,1.218961,-0.819940,-0.466728,-0.069960,-0.097125,0.288744,-1.160468,0.904780,-0.271923,-0.729582,-0.647563,-0.265472,-1.171061,0.195470,-0.203683,0.314480,0.506599,0.469179,0.252560,0.539914,0.399128,-0.009004,0.398506,0.329724,0.031056,0.355335,0.201610,0.028033,0.546528,0.703913,0.388106,0.127332,0.297019,0.828486,0.267616
0.548765,0.027382,0.231763,-0.882551,-0.017068,0.310284,-0.258199,-0.206064,-0.093434,0.138197,0.137240,-0.396969,0.697135,-0.152422,-0.513210,-0.347909,0.014749,-0.870214,0.299859,0.161411,0.307653,0.346488,0.344616,0.145440,0.196234,0.173888,0.027942,0.207869,0.452452,0.248726,0.162715,0.242993,0.141282,0.272795,0.360474,0.185204,0.279440,0.157300,0.298938,0.090237
0.339733,-0.152170,0.371938,-0.586172,0.140772,0.591705,-0.319305,0.054057,0.047770,0.171982,0.407468,-0.602078,0.750958,-0.322959,-0.350067,-0.086730,-0.325549,-0.746379,0.229015,-0.023885,0.284936,0.183183,-0.059497,0.228449,0.244838,0.042051,-0.013779,0.091919,0.213688,0.075895,0.026498,0.063483,0.238282,0.380138,0.298094,0.128939,0.375969,0.227714,0.478293,0.141892
0.279804,0.089821,0.338595,-0.552985,0.001287,0.427141,-0.395839,0.012916,-0.070239,0.186601,0.128938,-0.423348,0.312675,-0.175609,-0.444133,-0.051297,-0.149239,-0.556900,0.221908,0.110264,0.311711,0.279289,0.225895,0.217584,0.177892,0.051689,0.062184,0.233359,0.249289,0.115946,-0.033863,0.119002,0.192174,0.397584,0.271445,0.055482,0.320132,0.131063,0.248617,0.046497
0.178195,0.017144,0.096273,-0.677234,0.042537,0.315805,-0.235859,-0.037300,-0.131561,0.074196,0.055493,-0.377582,0.489538,-0.121574,-0.350999,-0.195868,-0.126482,-0.551978,0.388976,0.060073,0.117475,0.409153,0.199988,0.073130,0.173657,0.083484,-0.089471,0.225283,0.396315,0.144804,0.075262,0.010444,0.256604,0.218761,0.125422,0.191355,0.324540,0.218443,0.295416,0.127229
0.299274,-0.192157,0.304329,-0.617485,-0.044735,0.299695,-0.516241,-0.095099,-0.131400,0.082240,0.248857,-0.649749,0.490205,-0.278204,-0.399132,-0.221499,-0.036046,-0.754992,0.122490,0.124997,0.436055,0.227514,0.191630,0.269968,0.132315,0.150931,-0.085565,0.007301,0.293304,0.190016,0.008937,0.114355,0.248640,0.214267,0.178857,0.181044,0.310899,0.168111,0.473715,0.003190
0.494243,0.020399,0.387858,-1.086982,0.166853,0.557224,-0.922797,-0.140843,0.001501,0.118322,0.170749,-0.644456,0.742027,-0.296468,-0.535661,-0.302921,-0.342841,-0.869853,0.468804,-0.004702,0.452321,0.611333,0.206499,0.158456,0.439635,0.274489,-0.114557,0.224283,0.141051,0.428062,0.304658,0.115316,0.271037,0.494925,0.248619,0.311324,0.322198,0.156967,0.284245,0.154391
0.293756,0.170549,0.555638,-1.405985,-0.117692,0.880402,-0.736916,-0.014371,0.345579,0.124451,0.110324,-0.903891,1.017624,-0.635226,-0.351189,-0.372294,-0.319740,-1.015200,0.380905,-0.312624,0.427992,0.294065,0.566069,0.042885,0.888742,0.609148,-0.120445,0.204069,0.260736,0.169196,0.630493,0.177965,0.490558,0.451652,0.788550,0.486376,0.349814,0.161678,0.634841,0.114010
0.499071,0.239061,0.369840,-1.006878,-0.096613,0.600332,-0.544661,-0.134358,0.114458,0.107831,-0.009040,-0.444454,0.579198,-0.223172,-0.426373,-0.212621,-0.039281,-0.997524,0.465151,-0.020411,0.402191,0.489302,0.187055,0.138152,0.397078,0.414732,0.032391,0.261845,0.293594,0.270393,0.294868,0.043486,0.166352,0.536687,0.552641,0.302578,0.221476,0.167404,0.316113,0.274654
0.313366,-0.083620,0.267917,-0.647074,-0.025985,0.215988,-0.231708,0.016783,-0.170510,0.057817,0.217915,-0.310491,0.549625,-0.268704,-0.325500,-0.238746,-0.000437,-0.578119,0.178276,0.014911,0.218274,0.261957,0.003732,0.224007,-0.007967,0.197819,0.042260,0.059992,0.415715,0.049475,0.023087,0.207477,0.159262,0.280671,0.170345,0.077233,0.308480,0.203155,0.287611,0.124260
0.618728,0.136157,0.384584,-1.008334,0.003852,0.562218,-0.604647,-0.179443,0.042834,0.078520,0.432044,-0.909958,1.047155,-0.151093,-0.448791,-0.220329,-0.193256,-1.038908,0.363931,0.197157,0.517706,0.388963,0.284100,0.200289,0.291339,0.236811,0.070704,0.097125,0.385183,0.277865,-0.013333,0.229231,0.315626,0.537492,0.376949,0.132526,0.183119,0.269568,0.575728,0.070170
0.039757,0.010642,0.184187,-0.570036,0.006846,0.222750,-0.268278,-0.029829,-0.170989,0.114681,0.048624,-0.363344,0.449284,-0.163022,-0.377003,-0.212095,-0.066760,-0.371583,0.396656,0.061758,0.201829,0.313728,0.068874,0.070014,0.280418,0.242314,0.002256,0.175337,0.201090,-0.055351,0.161892,0.098773,0.155262,0.230506,0.122254,0.165727,0.263819,0.287260,0.251748,0.091117
0.401940,0.117406,0.166065,-0.877458,-0.029521,0.350673,-0.482483,-0.252130,-0.126044,0.151215,0.125371,-0.419517,0.605905,0.055759,-0.436794,-0.225671,-0.176840,-0.661111,0.241581,-0.017760,0.249762,0.382257,0.324300,0.276232,0.078592,0.184887,0.022137,0.166327,0.313696,0.103885,0.100036,0.228563,0.211682,0.350012,0.271903,0.086856,0.250044,0.130183,0.404085,0.108384
0.163591,-0.097417,0.326667,-0.754005,0.098322,0.515234,-0.637993,-0.160534,-0.094711,0.183105,0.089145,-0.514473,0.479542,-0.235299,-0.446793,-0.210363,-0.332811,-0.705855,0.302901,-0.034800,0.244625,0.196138,0.165288,0.069509,0.364127,0.135143,-0.092336,0.466434,0.111865,0.037743,0.127760,0.284286,0.202710,0.557890,0.290029,0.152733,0.467533,0.239659,0.424403,0.136654
0.465095,0.106075,0.608426,-1.451742,0.085357,0.612951,-0.419842,0.022619,-0.049570,0.139855,0.394675,-1.124601,0.948235,-0.420771,-0.772436,-0.519795,-0.022319,-1.295567,0.735523,0.150026,0.571382,0.589402,0.302806,0.181409,0.680619,0.602059,-0.049931,0.309477,0.414500,0.416607,-0.006026,0.020325,0.419763,0.171225,0.539795,0.576080,0.342427,0.230937,0.282268,0.179891
0.227006,-0.048306,0.343059,-0.404674,0.048875,0.338896,-0.273645,-0.103318,0.028092,0.128110,0.007607,-0.351495,0.316823,-0.038444,-0.311235,-0.012238,-0.068730,-0.546746,0.096100,0.095233,0.269134,0.158812,0.136040,0.117466,0.255328,0.095884,0.035206,0.242063,0.194404,0.155245,0.049535,0.074429,0.143882,0.279992,0.205551,0.072611,0.277013,0.119887,0.227122,-0.051792
0.248937,-0.075930,0.265446,-0.543796,-0.131251,0.580740,-0.407575,-0.153115,-0.050593,0.151579,0.081191,-0.636929,0.532210,-0.012364,-0.365392,-0.224260,-0.219140,-0.614238,0.218243,0.054685,0.304801,0.319764,0.129120,0.253523,0.225733,0.241924,-0.082315,0.115493,0.209286,0.059794,0.054409,0.039165,0.104146,0.221746,0.116664,0.006123,0.290206,0.100771,0.306118,0.045351
0.135582,0.183930,0.485084,-1.057974,-0.111960,0.923150,-0.587729,-0.035016,0.104645,0.162148,0.201464,-1.158461,0.975060,-0.153065,-0.724125,-0.373196,-0.273008,-0.861512,0.339752,0.042444,0.546144,0.364713,0.518511,0.242427,0.648351,0.367204,-0.093329,0.301900,0.295371,0.292968,0.247582,-0.168067,0.351097,0.297230,0.451600,0.441833,0.410092,0.130858,0.410723,0.033300
0.361322,0.000932,0.210815,-0.701442,-0.065139,0.383199,-0.423438,0.000509,-0.275345,0.162587,0.215590,-0.370783,0.383747,-0.355127,-0.520418,-0.184813,-0.132295,-0.623056,0.154366,0.099058,0.373966,0.308669,0.296777,0.358185,0.089901,0.113646,0.071397,0.171265,0.281502,0.210391,-0.082647,0.198655,0.253098,0.399696,0.311461,0.095460,0.210720,0.131982,0.290350,0.067361
0.230927,-0.008110,0.083326,-0.576385,0.032120,0.386311,-0.434447,-0.038806,-0.183391,0.062755,0.167484,-0.470809,0.447071,-0.152350,-0.360703,-0.152330,-0.115008,-0.423657,0.167415,0.058450,0.229104,0.348200,0.206637,0.207854,0.209727,0.165378,-0.025525,0.148404,0.195348,0.102493,0.029736,0.157407,0.260135,0.228382,0.133793,0.120083,0.330829,0.151236,0.376435,-0.001215
0.104684,-0.052459,0.215389,-0.867300,-0.054678,0.292801,-0.387277,-0.136437,-0.049529,-0.092694,0.049399,-0.352103,0.570440,-0.276488,-0.467977,-0.314706,-0.158428,-0.710896,0.385019,-0.007441,0.264233,0.355926,0.448556,0.061201,0.315861,0.096265,0.027889,0.128095,0.365834,0.078646,0.254674,0.189814,0.094764,0.441193,0.183220,0.306277,0.254801,0.038655,0.352642,0.097923
0.527884,0.368920,0.372082,-1.353119,-0.216253,0.641975,-0.609952,-0.028650,0.233061,0.095579,0.285608,-1.061032,1.018477,-0.645851,-0.615203,-0.634206,-0.130049,-0.978646,0.411467,-0.072334,0.478468,0.388434,0.661349,0.098950,0.705276,0.309079,-0.328400,0.044704,0.432432,0.471768,0.201925,0.146728,0.272715,0.319177,0.610957,0.319965,0.160359,0.014431,0.357182,0.057624
0.257736,0.052327,0.265070,-0.493120,0.153731,0.353344,-0.225333,0.112536,-0.053215,0.057893,0.056629,-0.365606,0.466701,-0.255354,-0.263255,-0.067316,-0.092293,-0.468241,0.198558,-0.006629,0.225099,0.306695,0.014042,0.179809,0.196377,0.199761,0.035596,0.184081,0.283369,-0.064123,0.168253,0.117092,0.215683,0.310944,0.297021,0.138411,0.360560,0.201400,0.254133,0.107152
0.228412,0.050415,0.331413,-0.879568,0.170448,0.786091,-0.571942,0.077330,0.087548,0.111948,-0.065699,-0.650467,0.736396,-0.193517,-0.404284,-0.218042,-0.386067,-0.830102,0.140757,0.001255,0.469541,0.196130,0.174338,0.358232,0.347300,-0.030732,0.012535,0.210091,0.397456,0.096457,0.317828,-0.168534,0.154958,0.562622,0.424443,0.221491,0.595119,0.113611,0.398089,0.037522
0.128392,0.079304,0.228510,-0.614408,0.028739,0.363173,-0.404321,-0.131835,-0.055135,0.121978,0.071363,-0.431635,0.315202,0.024894,-0.371087,-0.078248,-0.276836,-0.500909,0.249298,-0.006283,0.184677,0.265087,0.283835,0.164266,0.206219,0.040612,0.023853,0.283210,0.176651,0.164530,0.028755,0.070538,0.060649,0.344521,0.172057,0.020109,0.275938,0.122154,0.363590,-0.021697
0.236144,0.034346,0.193946,-0.557913,0.068270,0.280453,-0.257337,0.042072,-0.078239,0.095204,0.099006,-0.403949,0.521867,-0.247338,-0.249372,-0.154507,-0.057569,-0.497229,0.239775,0.009687,0.212191,0.296308,0.007901,0.159719,0.180421,0.207975,0.024409,0.202852,0.298974,0.064342,0.073725,0.087575,0.287119,0.194800,0.245618,0.145739,0.266561,0.277603,0.284311,0.144299
0.156460,-0.037791,0.287242,-0.335497,0.104108,0.386262,-0.247073,-0.001814,0.021291,0.045521,-0.057115,-0.433238,0.512124,-0.172737,-0.178290,-0.124599,-0.006555,-0.577700,0.243238,0.037915,0.209167,0.288157,-0.049144,0.170103,0.399565,0.199425,-0.070223,0.220818,0.176901,0.043171,0.213527,0.066219,0.185495,0.190178,0.296233,0.175970,0.303043,0.160180,0.218478,0.102178
0.637435,-0.185725,0.925134,-1.326707,0.410463,0.802420,-1.006806,0.084870,0.096302,0.448843,0.257434,-1.052991,1.367484,-0.218535,-0.474276,-0.442248,-0.071630,-1.231274,0.647900,0.049432,0.335598,0.486521,0.160680,0.268185,0.726925,0.518806,0.232669,0.276776,0.255248,0.426422,0.085699,0.117316,0.430988,0.858467,0.493849,0.152089,0.557372,0.077351,0.411849,-0.067594
-0.001384,0.041966,0.219504,-0.679072,0.067675,0.317777,-0.481510,-0.027512,-0.007603,0.085844,-0.117412,-0.528086,0.562177,-0.135297,-0.269797,-0.175372,-0.022537,-0.525409,0.297539,0.036115,0.197906,0.350738,0.049175,0.099798,0.444688,0.311246,-0.065234,0.196937,0.198641,0.027969,0.250274,0.048900,0.256922,0.176419,0.217763,0.197675,0.304351,0.229431,0.292581,0.112918
0.276256,-0.079096,0.330417,-0.530805,0.049926,0.470449,-0.321093,-0.104850,-0.051324,0.064842,0.241170,-0.608206,0.648086,-0.232095,-0.262293,-0.164896,-0.117013,-0.623610,0.252409,0.067702,0.176453,0.250544,0.058896,0.159734,0.288503,0.222729,-0.031617,0.199198,0.236402,0.138588,-0.063615,0.076581,0.159906,0.348618,0.261959,0.115318,0.145351,0.164066,0.317395,0.132178
0.275637,0.188902,0.456514,-0.902605,0.149319,0.538477,-0.715010,-0.144225,0.120109,0.049505,-0.010065,-0.628441,0.481058,-0.079745,-0.361292,0.002468,-0.051149,-0.883668,0.367624,0.031816,0.417209,0.311821,0.099945,0.268465,0.417171,0.279073,0.130312,0.445179,0.289621,0.158926,0.143015,-0.016815,0.218883,0.442706,0.289810,0.282491,0.345007,0.239860,0.358009,-0.073486
0.505726,0.251294,0.723427,-1.051991,-0.057477,0.762530,-1.158382,-0.046772,0.094763,0.350293,0.250640,-1.194773,0.799144,-0.254007,-0.801185,-0.339362,-0.308418,-1.371935,0.602477,0.074580,0.739081,0.526006,0.357610,0.429781,0.557386,0.317495,-0.052779,0.307038,0.297628,0.485895,0.099912,-0.137871,0.108401,0.609827,0.264824,0.403101,0.436918,0.110541,0.478256,0.098459
0.194707,0.169919,0.161847,-0.830686,-0.115563,0.399607,-0.369964,-0.089761,-0.011316,-0.047162,0.174213,-0.432046,0.756995,-0.267033,-0.387000,-0.246122,-0.075431,-0.639754,0.237428,0.004203,0.326014,0.378835,0.180556,0.132032,0.150828,0.264475,0.119443,0.265250,0.287735,0.116991,0.312836,0.046534,0.256894,0.432810,0.378391,0.237678,0.150013,0.162351,0.315908,0.277264
0.265242,-0.062680,0.306990,-0.423676,0.049970,0.330719,-0.142571,-0.068472,-0.150689,0.147414,0.028581,-0.395235,0.642682,-0.079281,-0.196030,-0.254694,-0.054517,-0.602827,0.169750,0.040322,0.171773,0.212534,-0.047338,0.165816,0.353266,0.092033,-0.150395,0.094026,0.191236,0.126395,0.116751,0.092522,0.135044,0.106063,0.292796,0.199165,0.232255,0.178449,0.234724,0.152572
0.220153,0.396821,0.079554,-1.290726,0.035611,0.736638,-0.611007,-0.204622,-0.192921,0.046190,0.102627,-0.732643,0.885602,-0.377280,-0.572990,-0.348449,-0.105821,-1.042257,0.325682,0.086189,0.526855,0.518522,0.287974,0.255118,0.356207,0.371241,0.136210,0.514913,0.425063,0.139536,0.210508,0.319009,0.359493,0.433073,0.704801,0.300949,0.370716,0.228530,0.654080,0.195564
0.222445,-0.060130,0.326932,-0.600278,-0.026724,0.298526,-0.396217,-0.079868,0.112024,0.082116,0.141898,-0.521082,0.439422,-0.241065,-0.217468,-0.156951,-0.020336,-0.725949,0.187457,0.069658,0.325159,0.256347,0.267816,0.136065,0.378762,0.225655,-0.018397,0.046766,0.225389,0.170266,0.097190,0.118356,0.163527,0.342033,0.285673,0.142639,0.265773,0.156567,0.390390,0.074620
0.258169,0.295593,0.570260,-1.428697,-0.332214,1.094730,-0.743861,-0.079558,0.410948,0.034083,0.290951,-1.350678,1.149871,-0.475946,-0.615171,-0.583050,-0.298713,-1.602931,0.443521,-0.223693,0.727949,0.369172,0.658594,0.190017,1.014565,0.601289,-0.014253,0.321037,0.563921,0.452867,0.484369,-0.129426,0.221159,0.349350,0.883853,0.667339,0.270832,0.058296,0.534159,0.018070
0.294344,-0.070777,0.347104,-0.619254,0.035912,0.378089,-0.380510,-0.211053,-0.250985,0.178945,0.015759,-0.394814,0.311147,-0.065020,-0.469698,-0.108993,-0.053204,-0.672241,0.168447,0.130375,0.337254,0.251407,0.296010,0.310104,0.181612,0.177467,0.084905,0.173138,0.315518,0.112923,-0.044945,0.186181,0.069465,0.292102,0.194287,0.085398,0.318657,0.002501,0.329970,-0.029229
0.373531,0.143487,0.260134,-0.682204,0.045939,0.245215,-0.363390,-0.093888,-0.012339,0.065139,0.118744,-0.410032,0.393818,-0.143470,-0.442359,-0.107542,-0.073493,-0.672937,0.250690,-0.006680,0.278541,0.414448,0.284118,0.186866,0.116200,0.109085,0.000524,0.216616,0.359577,0.220409,0.063679,0.090634,0.214903,0.263960,0.276294,0.105540,0.205593,0.170896,0.313220,0.045698
0.246835,-0.175911,0.215903,-0.510348,0.040645,0.356224,-0.162269,-0.110400,-0.138641,0.142018,0.104736,-0.309430,0.514357,-0.098948,-0.427646,-0.259482,-0.090859,-0.555745,0.200973,0.241324,0.341573,0.224501,0.238600,0.090407,0.230842,0.070746,0.081286,0.214165,0.322958,0.242266,0.191255,0.131966,0.180107,0.125973,0.142238,0.285523,0.241182,0.091708,0.265121,0.041530
0.105095,0.009303,0.215134,-0.525753,-0.037896,0.430444,-0.275582,0.003417,0.054972,0.121863,0.050523,-0.476369,0.537946,-0.192707,-0.209754,-0.121415,-0.171455,-0.620818,0.303516,-0.056547,0.165686,0.337253,0.076807,0.102751,0.322790,0.149303,-0.022123,0.168939,0.258402,0.164446,0.040904,-0.022726,0.248805,0.193814,0.198091,0.181841,0.297921,0.187235,0.269874,0.159367
0.076436,0.020751,0.158003,-0.887930,-0.089519,0.732059,-0.554568,-0.157235,-0.059196,0.126383,0.218977,-0.737958,0.694940,0.005002,-0.520193,-0.231544,-0.349755,-0.588809,0.261261,-0.034932,0.276638,0.271393,0.168623,0.186624,0.276657,0.204622,0.008949,0.142640,0.152640,0.090256,0.194563,0.094543,0.123984,0.407464,0.245866,0.119977,0.261060,0.236822,0.406178,-0.032794
0.130723,-0.095118,0.266299,-0.343767,0.053987,0.305040,-0.230398,-0.051301,-0.099467,0.103611,0.053404,-0.355783,0.449241,-0.235528,-0.203835,-0.160349,-0.077240,-0.496781,0.167046,0.098134,0.180987,0.214244,0.068345,0.112797,0.178307,0.157404,-0.003603,0.169303,0.196416,0.156609,0.049209,0.128386,0.201457,0.116509,0.150380,0.190846,0.230045,0.095173,0.278970,0.095351
0.028638,-0.074230,0.513412,-0.651021,-0.001781,0.486685,-0.549576,-0.067569,-0.005557,0.078695,-0.097587,-0.618449,0.472274,-0.126837,-0.380466,-0.163663,-0.294543,-0.710553,0.166467,0.087658,0.424648,0.187083,0.161607,0.296026,0.442419,0.180364,0.047164,0.252464,0.274619,0.110128,0.236634,-0.151135,0.125270,0.289627,0.241695,0.268549,0.424663,0.178762,0.313566,-0.040997
0.192725,-0.107308,0.423301,-0.738260,0.243371,0.579066,-0.656186,-0.099540,0.071884,0.103206,-0.123414,-0.430534,0.577463,-0.366068,-0.155928,-0.113727,-0.209397,-0.921755,0.289898,-0.029818,0.349663,0.340381,0.166319,0.150829,0.586165,0.320605,-0.183004,0.328874,0.110658,0.121461,0.312154,0.016327,0.219901,0.462561,0.503737,0.219350,0.255576,0.113335,0.275833,0.158151
0.162559,0.045201,0.626568,-0.608040,-0.069681,0.413783,-0.447608,0.044067,0.026427,0.266534,0.074475,-0.624721,0.307712,-0.177857,-0.480125,-0.163003,-0.221808,-0.824065,0.373513,-0.008767,0.411807,0.340147,0.322770,0.279323,0.385083,0.235909,0.099844,0.348445,0.285606,0.089578,0.040711,-0.176268,0.022946,0.407047,0.214988,0.265684,0.307266,0.038328,0.235229,-0.028972
0.198691,-0.084684,0.313648,-0.344987,0.054471,0.384307,-0.213026,-0.000494,0.025191,0.035255,0.019092,-0.338569,0.419141,-0.098113,-0.289309,-0.145455,-0.198872,-0.582111,0.213937,0.027168,0.201339,0.269770,0.078687,0.099388,0.381536,0.137477,-0.029985,0.242732,0.231234,0.097884,0.168150,0.066624,0.079011,0.315269,0.259857,0.179052,0.364760,0.095942,0.263795,0.046517
0.334408,0.002508,0.447039,-0.583350,-0.031669,0.520411,-0.470667,-0.103965,0.078153,0.024466,0.189672,-0.579121,0.578181,-0.135408,-0.321852,-0.182893,-0.151953,-0.874688,0.275289,0.011475,0.321102,0.231765,0.188699,0.282526,0.257258,0.173670,0.023889,0.251067,0.225434,0.307049,0.001919,0.015993,0.016248,0.281087,0.355267,0.248557,0.184778,0.083540,0.352828,0.127724
0.227953,0.019916,0.429063,-1.022985,0.085114,0.640027,-0.495201,0.022944,0.001941,0.173953,-0.045419,-0.393447,0.469274,-0.275198,-0.637723,-0.240104,-0.280825,-1.100134,0.385175,-0.156958,0.392741,0.482294,0.462769,0.229987,0.356452,0.295278,-0.095170,0.275765,0.275593,0.357929,0.101850,-0.026240,-0.033097,0.543366,0.305335,0.423827,0.492739,-0.172831,0.309521,0.111797
0.169642,0.020735,0.135724,-0.451153,0.049701,0.110813,-0.186376,-0.069346,-0.143293,-0.025243,0.126372,-0.161461,0.397001,-0.104975,-0.262446,-0.195553,0.035571,-0.403850,0.176696,0.079988,0.103781,0.238244,0.153154,0.053747,0.129342,0.068926,-0.048172,0.173116,0.268843,0.059728,0.087993,0.141001,0.055194,0.160661,0.138805,0.129021,0.249548,0.075074,0.125710,0.118463
0.231348,-0.140590,0.349548,-0.424912,0.187315,0.517514,-0.404698,-0.077078,-0.163125,0.140763,0.087126,-0.493210,0.603243,-0.321831,-0.485587,-0.123951,-0.038366,-0.690730,0.039487,0.107323,0.410060,0.279050,0.138508,0.258685,0.332182,0.235458,0.051389,0.174565,0.258977,0.222311,0.073364,0.158115,0.424519,0.225567,0.207916,0.186064,0.402801,0.085270,0.395907,0.127913
0.145128,0.098676,0.069402,-0.972764,0.000747,0.473923,-0.473512,-0.032935,-0.128261,0.082317,0.322741,-0.604468,0.687489,-0.210768,-0.372226,-0.168344,-0.205448,-0.534375,0.314734,-0.094212,0.202109,0.261001,0.155562,0.152900,0.266763,0.248949,0.066255,0.209825,0.206093,-0.002007,0.115081,0.099602,0.295976,0.482810,0.266784,0.121833,0.404799,0.341263,0.371788,0.125167
0.058859,0.003426,0.272628,-0.988671,0.021968,0.544374,-0.530190,-0.078720,-0.007453,0.056931,0.314876,-0.607696,0.680686,-0.301989,-0.394673,-0.275499,-0.311037,-0.600959,0.251650,0.011122,0.257285,0.283834,0.278046,0.133539,0.338712,0.213092,0.112384,0.195933,0.192651,0.076962,0.228670,0.156056,0.369525,0.426198,0.261237,0.226307,0.452323,0.213609,0.381230,0.114046
0.197458,-0.135099,0.365886,-0.572896,0.099425,0.323783,-0.335063,-0.161981,0.037540,0.007738,-0.082071,-0.395590,0.406653,-0.192776,-0.261070,-0.072461,-0.154508,-0.678688,0.163908,0.036366,0.379795,0.114289,0.080048,0.138331,0.422682,0.225940,-0.064349,0.146624,0.190642,0.198491,0.085403,-0.014539,0.215965,0.318215,0.262866,0.227734,0.170979,0.019128,0.218340,0.127608
0.219658,0.129077,0.210897,-0.563296,0.043912,0.242571,-0.194721,0.042818,-0.019941,0.089945,0.102511,-0.340772,0.437331,-0.293842,-0.276103,-0.045760,-0.024576,-0.491865,0.269502,-0.043476,0.184788,0.343629,0.025225,0.106549,0.127889,0.199551,0.081957,0.203749,0.291022,0.002079,0.104220,0.088495,0.253307,0.288039,0.262136,0.179448,0.278798,0.286186,0.206508,0.142615
0.246807,-0.188857,0.335108,-0.499069,0.079614,0.246447,-0.181402,-0.121172,-0.065952,0.151816,-0.025254,-0.345008,0.457932,-0.152387,-0.378478,-0.171048,-0.049421,-0.671553,0.081273,0.139564,0.381353,0.158767,0.243859,0.153624,0.338179,0.115951,0.114449,0.161129,0.245350,0.141869,0.243392,0.118563,0.227473,0.172687,0.238053,0.233718,0.253426,0.039826,0.230884,-0.010933
0.113109,-0.058138,0.227204,-0.404531,0.042116,0.300466,-0.193260,-0.034973,0.017031,0.050926,-0.024797,-0.363232,0.442512,-0.146467,-0.202628,-0.130107,-0.029828,-0.546921,0.268797,0.048482,0.180121,0.289207,0.046885,0.155026,0.353003,0.178711,-0.038218,0.166658,0.214732,0.077388,0.186417,0.097493,0.194169,0.146069,0.190600,0.171124,0.286955,0.088898,0.197351,0.115252
0.139280,0.006427,0.297986,-0.639457,-0.043154,0.453073,-0.357277,-0.044477,0.072224,0.099755,0.075453,-0.516030,0.666103,-0.179446,-0.204980,-0.144758,-0.158035,-0.746737,0.253960,-0.165328,0.176447,0.336211,-0.019593,0.129250,0.385775,0.214452,-0.004767,0.114463,0.266872,0.141295,0.067684,-0.044620,0.301084,0.257113,0.273757,0.213895,0.268337,0.179473,0.338723,0.125995
0.257429,0.131344,0.354810,-0.581503,-0.048807,0.484301,-0.541627,-0.086218,-0.005042,0.238235,0.134378,-0.665719,0.501653,-0.103467,-0.286769,-0.084285,-0.170070,-0.694329,0.296751,-0.073565,0.210624,0.276575,0.155680,0.165867,0.286548,0.276546,0.018614,0.372122,0.230417,0.030301,-0.017777,-0.039276,0.023247,0.445927,0.244318,0.076308,0.364261,0.245641,0.308315,0.038877
0.215721,0.089766,0.156075,-0.525994,0.056880,0.236580,-0.170181,-0.095915,-0.093245,0.094870,0.064306,-0.314609,0.385190,-0.072309,-0.373236,-0.126896,-0.042214,-0.495995,0.270077,0.068070,0.154155,0.309985,0.200573,0.090320,0.139706,0.068159,-0.033440,0.286736,0.326771,0.195364,0.052292,0.063621,0.180587,0.218500,0.183331,0.130599,0.244725,0.185549,0.250238,0.057521
0.179260,-0.030915,0.346820,-0.905901,0.052743,0.703024,-0.788150,-0.262916,-0.151184,-0.023859,0.164755,-0.979496,0.828250,-0.225900,-0.661760,-0.250458,-0.259911,-0.845631,0.274796,0.041306,0.472215,0.437464,0.234744,0.253194,0.320045,0.180032,0.017591,0.177964,0.127813,0.289885,0.024548,-0.050374,0.124561,0.375355,0.278473,0.418243,0.200438,0.226739,0.539665,0.179299
0.635442,-0.340231,1.009336,-3.469088,0.020334,1.263064,-1.633787,-0.762877,0.181713,0.048458,0.238605,-1.181711,2.052173,-0.558516,-1.692461,-0.973366,-1.366580,-3.585342,1.062310,-0.112770,0.820394,0.817530,0.430510,0.664755,1.144461,0.726485,0.249241,0.494217,0.957637,-0.842182,0.492567,-0.538977,0.744693,1.827071,1.371699,1.517196,1.378373,0.709313,1.516432,-0.259705
0.211438,-0.121337,0.315511,-0.596767,0.026857,0.301655,-0.142627,-0.029280,-0.070182,0.130099,0.111745,-0.336106,0.324206,-0.058649,-0.511225,-0.147327,-0.128198,-0.637481,0.177267,0.186487,0.333056,0.249453,0.361361,0.160710,0.198290,-0.023850,0.136304,0.265268,0.365473,0.166197,0.044460,0.107971,0.157132,0.286794,0.121181,0.197817,0.281536,0.048470,0.278161,-0.136566
0.118458,0.146828,0.409191,-0.966729,-0.025734,0.437452,-0.563818,-0.105030,-0.056431,0.147128,0.185047,-0.393956,0.600723,-0.220133,-0.480517,-0.168152,-0.225545,-0.835312,0.370387,-0.075593,0.423631,0.460128,0.398308,0.163604,0.301261,0.266374,0.022506,0.325267,0.372153,0.142442,0.177596,0.157160,0.151033,0.544448,0.305147,0.261320,0.184880,0.156169,0.424724,0.140943
0.254481,0.011471,0.353221,-0.883304,-0.013791,0.488855,-0.397252,-0.060690,0.140525,0.001768,0.217372,-0.606238,0.704757,-0.211232,-0.450203,-0.103051,-0.196285,-0.795191,0.316493,0.032733,0.477526,0.297939,0.127362,0.196232,0.285607,0.139160,0.111909,0.227350,0.269986,0.221165,0.228239,0.041708,0.338775,0.419540,0.256392,0.247910,0.285548,0.196236,0.260354,-0.006678
0.291776,0.007427,0.108839,-0.651104,0.070484,0.150134,-0.421838,-0.175892,-0.284861,0.104357,0.111492,-0.261754,0.524325,-0.098103,-0.518384,-0.190336,-0.117777,-0.484745,0.179756,0.118093,0.271976,0.342514,0.200249,0.230430,0.056994,0.243807,-0.022733,0.203245,0.161081,0.085831,0.005946,0.223885,0.163924,0.321691,0.224393,0.066809,0.261224,0.176521,0.209098,0.120763
0.215329,-0.181012,0.319655,-0.572023,0.038185,0.376483,-0.157246,-0.058214,0.041568,0.025103,0.050313,-0.331935,0.458692,-0.093139,-0.423424,-0.165969,-0.251518,-0.732608,0.281164,0.112069,0.349506,0.243654,0.295011,0.116219,0.423834,0.087633,0.046598,0.199819,0.311166,0.132056,0.260364,0.127019,0.159278,0.279072,0.212352,0.290239,0.348268,-0.041724,0.294219,0.048787
0.178051,-0.095609,0.458319,-0.771020,0.014885,0.786308,-0.573598,-0.075619,0.216622,0.083677,0.220019,-0.856634,0.879328,-0.211754,-0.450651,-0.319363,-0.359675,-0.870884,0.272836,-0.053010,0.383703,0.161687,0.042270,0.135096,0.486780,0.169345,0.068023,0.134722,0.233848,0.169020,0.259465,0.065512,0.261637,0.400448,0.396851,0.151410,0.396150,0.304634,0.434632,-0.004598
0.276393,-0.056462,0.283353,-0.792875,-0.047073,0.238652,-0.362460,0.046262,0.006191,-0.010824,0.120809,-0.496868,0.713832,-0.251951,-0.261517,-0.145020,-0.050365,-0.743201,0.260688,-0.111515,0.224828,0.253718,-0.029899,0.172951,0.214136,0.299601,0.005132,-0.023858,0.369957,-0.100715,0.276321,0.168107,0.279064,0.344272,0.322958,0.185538,0.345897,0.239103,0.287244,0.066621
0.374193,0.074526,0.121254,-0.756362,-0.027343,0.318977,-0.363849,-0.039636,-0.183709,0.090200,0.255616,-0.466825,0.572505,-0.208615,-0.345212,-0.216954,-0.111531,-0.585690,0.285196,0.036632,0.291679,0.405292,0.203796,0.198279,0.080655,0.172535,-0.021098,0.200372,0.405932,0.127953,0.000458,0.161367,0.224014,0.290199,0.238117,0.128284,0.240691,0.243458,0.338458,0.086958
0.192536,0.002637,0.181930,-0.353639,0.138180,0.330770,-0.341499,-0.071722,0.026741,0.062540,-0.001198,-0.372575,0.447426,-0.145877,-0.223960,-0.035446,-0.059197,-0.496328,0.193847,0.025644,0.183753,0.225777,-0.026437,0.143396,0.315892,0.180681,-0.026903,0.249075,0.139960,0.098637,0.086187,0.099929,0.182122,0.190469,0.221787,0.051911,0.296390,0.170507,0.233209,0.037851
0.378150,-0.086912,0.345058,-0.887160,0.094195,0.428100,-0.417396,-0.086311,-0.062556,0.173064,0.016354,-0.552397,0.487245,-0.296305,-0.649069,-0.300403,0.067607,-0.931590,0.404700,0.129680,0.374080,0.483480,0.487751,0.281984,0.451846,0.325593,0.044937,0.181926,0.387717,0.121041,0.269947,0.180522,-0.017877,0.363962,0.232065,0.298875,0.334147,0.032141,0.381326,0.121702
0.394275,0.076915,0.308727,-1.057185,0.064775,0.405531,-0.495873,0.008026,0.035627,0.069434,0.011764,-0.395669,0.587693,-0.289433,-0.547477,-0.266914,-0.034856,-1.046970,0.484866,-0.032076,0.296636,0.375141,0.425098,0.194874,0.550156,0.259357,0.008800,0.341923,0.205341,0.009596,0.166570,0.168537,0.159517,0.468490,0.574512,0.332110,0.299570,-0.009951,0.404562,0.006340
0.150787,0.258782,0.525154,-1.004534,-0.158679,0.969239,-0.650837,-0.290510,0.166787,0.194681,0.046354,-1.083988,0.899807,-0.226352,-0.933736,-0.341754,-0.224998,-1.266378,0.392735,0.030725,0.533214,0.264816,0.440545,0.095973,0.576651,0.337300,-0.010768,0.379494,0.303689,0.204810,0.333591,-0.053821,0.095629,0.440122,0.639922,0.669655,0.241023,0.271026,0.462176,0.029529
0.216342,0.151266,0.403120,-0.992254,0.090515,0.982517,-1.026310,-0.190549,-0.244671,0.453371,0.052198,-0.975049,1.113061,0.034159,-0.689902,-0.267661,-0.494790,-0.904325,0.356934,-0.112581,0.433567,0.403107,0.352847,0.320138,0.514332,0.397001,-0.025453,0.400233,0.139797,0.323952,0.075959,-0.025762,0.085161,0.531429,0.236262,-0.030424,0.459778,-0.003761,0.780328,-0.062810
0.301360,0.378786,0.256052,-1.341380,0.122878,0.874092,-0.798238,-0.378521,-0.282549,0.162079,0.304361,-0.968398,1.329507,0.036209,-0.597752,-0.013503,-0.505340,-1.026266,0.374444,-0.067443,0.489863,0.570843,0.595482,0.171228,0.371319,0.388290,0.192704,0.271016,0.452131,0.419879,0.089455,0.209190,0.338410,0.613567,0.511747,0.094170,0.482998,0.250685,0.879276,-0.108320
0.157260,0.227404,0.280533,-0.696465,0.030251,0.324743,-0.388381,-0.121657,-0.035527,0.108321,-0.137210,-0.436959,0.387902,-0.090358,-0.505863,-0.114572,-0.137343,-0.840474,0.256014,-0.123255,0.182810,0.398047,0.219275,0.262853,0.195783,0.319477,0.031013,0.347619,0.289275,0.117200,0.113323,-0.019282,0.132934,0.332395,0.246554,0.282242,0.357344,0.160214,0.327511,0.181532
0.177103,0.097977,0.193199,-0.710787,-0.082065,0.422236,-0.353421,-0.155616,-0.059381,0.095252,0.290790,-0.505455,0.684675,-0.045813,-0.375537,-0.219312,-0.220040,-0.621479,0.269775,-0.042305,0.237752,0.358217,0.207907,0.049617,0.309997,0.233318,0.057108,0.142300,0.274559,0.040397,0.071901,0.197771,0.089052,0.456801,0.272036,0.095389,0.170539,0.154667,0.389685,0.108487
0.331822,-0.062375,0.285225,-0.547696,0.075338,0.304148,-0.325022,-0.120978,-0.129143,0.164848,-0.041574,-0.402729,0.479141,-0.007741,-0.505985,-0.150911,0.023741,-0.586019,0.166158,0.103747,0.338178,0.272069,0.206707,0.156372,0.276781,0.186266,0.046715,0.184056,0.289299,0.123090,0.085997,0.131263,0.224862,0.218213,0.213946,0.154355,0.223808,0.082734,0.294671,0.053390
0.179131,-0.048625,0.245429,-0.299396,0.110819,0.330281,-0.231248,-0.013562,0.035900,0.041326,-0.046932,-0.323187,0.401116,-0.100690,-0.231703,-0.057344,-0.050402,-0.492848,0.173268,0.038720,0.212504,0.225753,0.007162,0.141751,0.331100,0.162858,-0.022368,0.205580,0.176704,0.057248,0.156142,0.074494,0.135574,0.205066,0.225004,0.111045,0.300446,0.117097,0.201818,0.051186
-0.007993,-0.039446,0.421928,-0.829523,0.091175,0.705363,-0.745726,-0.100092,-0.034188,0.075918,-0.077158,-0.701865,0.722482,-0.221794,-0.555663,-0.202963,-0.452817,-0.733120,0.130103,0.166614,0.407854,0.204030,0.321672,0.232554,0.490568,0.211678,-0.039981,0.225764,0.220909,0.174698,0.316495,-0.052880,0.213323,0.528810,0.262844,0.162829,0.494738,0.126117,0.381539,0.031332
0.155065,0.117679,0.165762,-0.410308,0.085625,0.292979,-0.147663,-0.042109,-0.120420,0.016439,0.130872,-0.271369,0.470326,-0.066468,-0.298446,-0.116857,-0.080492,-0.455587,0.275740,0.019766,0.095615,0.243630,0.082063,0.094910,0.142636,0.077541,-0.066260,0.260792,0.169109,-0.008783,0.081295,0.157684,0.050826,0.246107,0.178651,0.150475,0.265791,0.240340,0.219693,0.116029
0.204771,0.071442,0.197713,-0.562083,0.005834,0.272432,-0.152916,-0.058629,-0.046047,0.127695,0.027875,-0.343840,0.487296,-0.117962,-0.317306,-0.149425,-0.017228,-0.598498,0.350943,0.036926,0.138785,0.339249,0.142135,0.073912,0.235250,0.156408,-0.022755,0.307998,0.315668,0.166932,0.080582,0.007609,0.203290,0.187608,0.195669,0.218888,0.249007,0.238697,0.228873,0.128423
0.153068,0.022598,0.488220,-0.881742,0.065314,0.476292,-0.627776,-0.170582,0.167664,-0.051139,0.109486,-0.710779,0.714392,-0.240905,-0.258625,-0.244371,-0.316865,-0.849443,0.238759,-0.025346,0.414817,0.309508,0.210098,0.149341,0.552768,0.187714,-0.000406,0.218582,0.235674,0.198716,0.231785,0.137447,0.291680,0.454077,0.394404,0.181335,0.167471,0.143659,0.402267,0.146920
0.131983,0.048231,0.440243,-0.809008,-0.104896,0.759346,-0.487658,-0.070343,0.146461,0.001740,0.288477,-0.952652,0.932646,-0.246454,-0.622853,-0.426549,-0.401122,-1.152634,0.426930,-0.110646,0.375178,0.418659,0.301769,0.207517,0.342179,0.110225,0.033740,0.132106,0.388483,0.224855,0.163734,-0.026634,0.152079,0.448575,0.368568,0.343893,0.471989,0.110992,0.546405,0.265412
0.246301,0.037738,0.163509,-1.034782,0.040571,0.404780,-0.583179,-0.117487,-0.017340,0.128699,0.168994,-0.675271,0.783968,-0.264651,-0.499560,-0.267629,-0.200345,-0.732770,0.385886,-0.084664,0.309791,0.360903,0.125678,0.149004,0.398557,0.282317,0.050843,0.361193,0.265224,0.066949,0.205099,0.067409,0.380664,0.548790,0.473429,0.211061,0.357724,0.321703,0.341104,0.121561
0.246250,0.019190,0.258819,-0.333185,0.106060,0.320803,-0.185953,-0.020186,0.029003,0.088946,-0.005346,-0.289045,0.384206,-0.065745,-0.252487,-0.052844,-0.049942,-0.501528,0.167883,0.046338,0.196555,0.218652,0.034986,0.084436,0.265509,0.139953,0.035476,0.257227,0.195676,0.064080,0.098977,0.070901,0.132200,0.238292,0.250163,0.103445,0.302173,0.154428,0.191547,0.027615
0.402384,0.221768,0.545403,-0.980195,-0.140676,0.690447,-0.737160,-0.104843,0.114421,0.207784,0.096103,-0.809539,0.417417,-0.150275,-0.769179,-0.175104,-0.057890,-1.087667,0.429425,0.054302,0.527317,0.443461,0.500598,0.304472,0.406150,0.283834,0.035158,0.374936,0.313367,0.178428,0.065795,0.012938,0.082560,0.597314,0.429012,0.362081,0.329678,0.111704,0.409936,0.169019
0.694570,0.127211,0.773384,-1.085510,0.134960,0.940450,-0.818360,-0.154326,-0.042125,0.292439,0.160036,-1.302600,1.555821,-0.385132,-0.547451,-0.285258,-0.386999,-1.658928,1.022976,-0.280548,0.471330,0.743412,0.159965,0.273811,0.727761,0.742711,0.044705,0.282416,0.205970,0.437983,0.166145,0.114746,0.454332,0.530345,0.283328,0.412588,0.659189,0.121070,0.466673,-0.007528
1.166877,0.260803,-0.044991,-1.940709,-0.397183,0.993963,-1.674567,-0.562153,-0.616479,0.533483,0.445479,-1.143176,1.343892,-0.295195,-1.041899,-0.583300,-0.609200,-2.264061,1.061494,-0.625213,0.998106,0.763348,0.827599,0.157141,0.127813,0.633130,-0.224297,0.532800,0.601201,0.262488,0.050803,0.207334,-0.022429,0.958370,0.650363,0.092174,0.243697,0.398587,1.748883,0.312004
0.287413,-0.011923,0.506736,-1.128905,-0.092301,0.437946,-0.775716,-0.116068,-0.123574,0.048918,0.461085,-0.717175,0.716802,-0.294785,-0.657593,-0.456955,-0.328160,-0.763895,0.495262,0.039782,0.498359,0.343269,0.617035,0.120044,0.387057,0.110337,-0.142543,0.151416,0.293672,0.137818,0.206897,0.287724,0.320465,0.654397,0.156322,0.282381,0.112902,0.195300,0.543421,0.186809
0.294345,0.094432,0.260752,-0.563583,0.098751,0.434329,-0.311292,-0.009323,-0.072957,0.082838,0.274835,-0.574809,0.509323,-0.260167,-0.423293,-0.105511,-0.268816,-0.650067,0.274623,0.018751,0.220942,0.389281,0.172730,0.217795,0.126846,0.029524,0.095376,0.278692,0.273785,0.051414,-0.115001,0.134805,0.130452,0.356480,0.257868,0.042156,0.368127,0.221741,0.349747,0.165929
0.284726,0.210743,0.464970,-0.956352,-0.040724,0.886811,-0.547407,-0.271113,-0.011660,0.001757,0.224347,-1.085714,1.155529,-0.258522,-0.795329,-0.410796,-0.220524,-1.192497,0.395091,0.081605,0.624391,0.352892,0.352075,0.234385,0.349596,0.276115,0.048455,0.302829,0.394013,0.259147,0.257916,-0.062143,0.261685,0.309580,0.556643,0.510561,0.143243,0.244805,0.598911,0.220846
0.262897,0.079711,0.345336,-0.756208,0.077327,0.383718,-0.425750,-0.089726,0.011583,0.003283,-0.011805,-0.482768,0.528383,-0.074417,-0.375345,-0.036229,-0.021540,-0.911304,0.128929,0.114412,0.376438,0.278428,0.148830,0.239966,0.312982,0.289273,0.101962,0.225625,0.294982,0.107151,0.228894,0.039905,0.232087,0.326317,0.413446,0.222436,0.339933,0.216432,0.335991,0.113348
0.046087,-0.053217,0.298859,-0.737267,0.056544,0.216312,-0.427975,-0.116709,0.004349,-0.055002,-0.021699,-0.305295,0.515951,-0.255901,-0.265548,-0.189036,-0.277259,-0.700339,0.071677,-0.042863,0.314443,0.251489,0.295239,0.198388,0.351637,0.169901,0.016998,0.142526,0.166482,0.143343,0.207514,0.058885,0.273204,0.333298,0.211580,0.237826,0.316981,0.089983,0.346813,0.111129
0.153263,0.106004,0.392211,-0.963880,-0.059616,0.330853,-0.569212,0.008518,-0.012277,0.048948,0.071042,-0.562665,0.538448,-0.307449,-0.549679,-0.273969,-0.139685,-0.828438,0.556610,-0.110234,0.393039,0.374160,0.509821,0.090733,0.410518,0.252564,-0.073103,0.247760,0.271262,0.095208,0.099005,0.062542,0.104662,0.639875,0.266739,0.342850,0.287874,0.077067,0.470426,0.210649
0.241479,0.062781,0.301203,-0.488545,-0.038722,0.502012,-0.446896,-0.127408,-0.110124,0.174871,0.190374,-0.468560,0.414411,-0.051084,-0.455052,-0.097245,-0.285137,-0.577117,0.255065,-0.091541,0.094423,0.255317,0.160348,0.135433,0.154420,0.192493,0.018372,0.282927,0.147905,0.025544,-0.017537,-0.015555,-0.110990,0.472313,0.205982,-0.014158,0.247979,0.231565,0.351232,0.066561
0.355103,0.244878,0.237972,-1.375944,0.005383,1.002650,-0.644988,0.136836,0.372526,0.149724,0.011380,-1.074961,1.062604,-0.545959,-0.452757,-0.545691,0.022872,-0.863571,0.443068,-0.256676,0.422507,0.565074,0.572678,0.357807,0.742749,0.353421,0.030988,0.441980,0.338821,0.248107,0.362409,0.207840,0.410598,0.467124,0.633870,0.404700,0.404703,0.224170,0.419969,0.052045
0.946961,0.136595,0.521974,-1.710392,-0.175533,0.982368,-0.714472,-0.360977,-0.360442,0.401984,0.392952,-0.676427,0.770332,-0.315651,-0.953299,-0.692368,-0.561641,-1.836242,0.398301,-0.141776,0.661429,0.577539,0.589343,0.113043,0.531541,0.059301,-0.245556,0.237604,0.580008,0.308164,0.326702,0.109589,-0.079389,0.837399,0.281417,0.128926,0.262297,0.012816,0.825299,-0.178638
0.171947,-0.092927,0.345079,-0.678287,0.060210,0.387695,-0.299317,-0.100203,-0.007282,-0.004282,0.123651,-0.384730,0.483720,-0.180174,-0.472218,-0.201591,-0.276135,-0.596869,0.173164,0.025081,0.289470,0.170211,0.337857,0.029837,0.380881,-0.001877,0.033458,0.310318,0.241409,0.124212,0.061993,0.276242,0.214178,0.418143,0.280500,0.154667,0.294484,0.024441,0.280949,0.121796
0.128321,0.041851,0.363186,-1.102303,0.149583,0.429695,-0.839809,-0.167831,0.009018,0.212301,-0.031917,-0.643362,0.715863,-0.379331,-0.513263,-0.216111,-0.237101,-0.872699,0.247370,-0.019269,0.514943,0.375011,0.331960,0.243610,0.595738,0.412044,-0.132326,0.317736,0.093109,0.139235,0.263804,-0.059532,0.314964,0.474123,0.357423,0.181480,0.504264,0.250301,0.425318,0.180333
0.470375,0.035879,0.461162,-1.096684,0.112032,0.736096,-0.713660,-0.296287,0.005165,0.075458,0.125331,-0.755189,0.699848,-0.037965,-0.460683,-0.071375,-0.210777,-1.014167,0.349530,0.174273,0.431666,0.309329,0.208083,0.214862,0.508419,0.229186,0.138304,0.450349,0.280031,0.226467,0.124405,0.293545,0.278583,0.560257,0.345379,0.222451,0.357139,0.258153,0.508526,-0.166647
0.133755,0.079965,0.072495,-0.400499,0.046505,0.279756,-0.225019,-0.071400,-0.053628,0.044084,0.080283,-0.317948,0.372108,-0.026733,-0.259368,-0.070806,-0.131192,-0.373775,0.223311,0.034420,0.109433,0.260978,0.136320,0.074283,0.197600,0.064270,-0.035226,0.258552,0.198593,0.111826,0.008120,0.102514,0.152394,0.192182,0.129415,0.044319,0.260991,0.155404,0.250502,0.056062
0.428555,-0.012788,0.400955,-1.033793,0.004029,0.690470,-0.760231,-0.274117,-0.222620,0.264345,-0.048207,-0.843997,0.531017,-0.224600,-0.844994,-0.373599,0.006028,-1.041793,0.532862,0.076980,0.539179,0.547210,0.503612,0.299648,0.328584,0.341253,0.191353,0.312788,0.374004,0.189037,0.359334,0.120411,0.063563,0.603054,0.284581,0.524293,0.359985,0.125531,0.535959,0.166433
0.415497,0.122727,0.406839,-1.006753,-0.181677,0.746789,-0.607843,-0.174840,-0.212886,0.056600,0.389897,-1.106256,0.827870,-0.146372,-0.865944,-0.301697,-0.290981,-1.081986,0.368238,0.162302,0.546133,0.617858,0.604583,0.255808,0.209191,0.057266,0.093220,0.257761,0.396519,0.353580,-0.005269,0.095792,0.041645,0.359972,0.165663,0.306872,0.225689,0.084963,0.623388,0.173873
0.011548,-0.134566,0.583754,-1.058322,0.094301,0.660455,-0.747890,-0.262913,-0.003359,-0.037278,-0.040888,-0.506354,0.718902,-0.242525,-0.335883,-0.238464,-0.417923,-0.961062,-0.025302,-0.016395,0.512193,0.197508,0.303781,0.101672,0.488505,0.209285,-0.051063,0.249473,0.117895,0.129224,0.341099,0.054907,0.277023,0.564473,0.478242,0.260923,0.287886,0.113392,0.313768,0.129935
0.264206,-0.039130,0.420940,-0.855115,0.127687,0.439008,-0.462118,-0.114346,0.162981,-0.094335,-0.000246,-0.546905,0.819407,-0.248795,-0.242385,-0.204128,-0.182990,-1.046758,0.210930,-0.092091,0.329310,0.211559,-0.074435,0.205758,0.541526,0.193042,0.058768,0.193080,0.190971,0.130061,0.229500,0.046770,0.274676,0.428342,0.360696,0.225426,0.334913,0.113523,0.321331,-0.015790
0.581409,-0.011236,0.351358,-0.965232,0.060335,0.507830,-0.340322,-0.182888,-0.089086,0.226982,0.135804,-0.646659,0.585479,-0.101508,-0.643818,-0.345347,0.087369,-1.006394,0.423587,0.219147,0.421960,0.533241,0.409666,0.299471,0.501508,0.251642,0.020924,0.319437,0.458065,0.205467,0.105872,0.176196,0.078216,0.315458,0.375694,0.246294,0.228343,0.117970,0.364576,0.103445
0.200839,0.005298,0.448280,-0.722402,-0.170588,0.647274,-0.454553,-0.126664,0.107153,0.180902,-0.061061,-0.645271,0.468601,0.010881,-0.614679,-0.174188,-0.200595,-1.077584,0.267279,0.010763,0.439839,0.369365,0.310783,0.283204,0.309697,0.243787,-0.016334,0.273931,0.331950,0.229574,0.156413,0.002377,-0.093902,0.387444,0.231355,0.377066,0.366942,-0.058316,0.345420,0.137493
0.246506,-0.044012,0.344920,-0.697918,0.196383,0.548450,-0.316019,-0.014420,0.081298,-0.017174,0.330944,-0.532642,0.738199,-0.398227,-0.330561,-0.179744,-0.275086,-0.705598,0.182119,-0.019288,0.313157,0.213946,0.043920,0.216374,0.380103,0.090509,0.136796,0.203575,0.152003,0.016255,0.168343,0.204080,0.380562,0.426935,0.361190,0.207026,0.412128,0.180217,0.419745,0.223895
0.584660,0.085526,0.281061,-1.083135,-0.066005,0.608165,-0.658370,-0.315893,-0.030113,0.131517,0.349549,-0.881339,0.873463,-0.046480,-0.577951,-0.394216,-0.107078,-0.983277,0.429088,0.113609,0.550962,0.433129,0.291309,0.192239,0.276478,0.299491,0.034857,0.327686,0.371672,0.264668,0.116866,0.113858,0.245665,0.526000,0.466549,0.231709,0.138438,0.232465,0.364154,0.084746
0.235171,0.089739,0.428579,-0.594194,-0.064158,0.567404,-0.210314,-0.082985,-0.013965,0.185174,0.124720,-0.642781,0.569745,-0.209536,-0.421559,-0.247862,-0.061456,-0.952817,0.368494,0.049093,0.382226,0.512869,0.414889,0.075922,0.228242,0.126403,0.026601,0.231113,0.506516,0.335482,-0.016053,0.083913,0.013039,0.260118,0.159533,0.393326,0.331307,0.112434,0.395021,0.165138
0.067585,0.177755,0.342812,-0.961632,0.019204,0.477107,-0.352768,0.056682,0.143823,0.078534,0.063137,-0.727633,0.571428,-0.289660,-0.489733,-0.247328,-0.131064,-0.977517,0.454853,-0.233876,0.462186,0.455249,0.527754,0.091482,0.555290,0.360930,-0.040404,0.355772,0.228507,0.257185,0.252675,-0.194167,0.252852,0.324884,0.411110,0.393805,0.341803,0.014490,0.326489,0.171874
0.153738,-0.207740,0.367305,-0.591740,-0.042043,0.325087,-0.176679,-0.045649,0.062526,0.098935,0.157985,-0.452514,0.409247,-0.133424,-0.373037,-0.150247,-0.250925,-0.715904,0.305527,0.142014,0.345934,0.210271,0.216378,0.123585,0.285226,0.037375,0.099451,0.259102,0.320027,0.117059,0.150851,0.006764,0.191622,0.208884,0.113251,0.241858,0.307436,0.132815,0.266911,-0.002594
0.279446,-0.077997,0.296454,-0.466133,0.073610,0.259327,-0.212875,0.070360,-0.066639,0.076839,0.199460,-0.449900,0.434593,-0.221181,-0.308582,-0.163069,-0.057726,-0.633667,0.172196,-0.030571,0.190772,0.317919,0.051731,0.121861,0.065306,0.050577,-0.002844,0.156157,0.396048,0.101149,-0.064100,0.048931,0.144113,0.244008,0.150335,0.073284,0.285738,0.217587,0.251000,0.095155
0.264525,0.129557,0.304542,-0.994027,-0.037131,0.305175,-0.665645,-0.117091,-0.011078,-0.084036,0.210965,-0.375481,0.745289,-0.328696,-0.297398,-0.259750,-0.151794,-0.803039,0.112058,-0.075353,0.304890,0.269217,0.252990,0.241547,0.285081,0.238889,0.017912,0.255913,0.191716,0.121544,0.273991,0.215271,0.297869,0.481470,0.351860,0.205569,0.221468,0.159876,0.548137,0.240344
0.404961,-0.026439,0.346945,-0.942529,-0.075065,0.690595,-0.657555,-0.165933,0.042674,-0.012177,0.416012,-1.010712,0.741359,-0.298745,-0.626519,-0.326394,-0.178394,-0.851176,0.580130,-0.077402,0.350411,0.559462,0.360267,0.309411,0.555011,0.425860,-0.284935,0.303583,0.246204,0.059082,-0.022070,0.070872,0.085713,0.526493,0.513780,0.081263,0.060212,0.240575,0.382935,0.241765
0.021848,0.119479,0.349038,-0.820821,-0.165568,0.913781,-0.505177,-0.272013,-0.111076,-0.057335,0.098457,-0.837581,0.763697,-0.187670,-0.630023,-0.328410,-0.097066,-0.973301,0.312609,-0.066589,0.247653,0.473926,0.433618,0.186286,0.465166,0.351614,0.003668,0.297304,0.316599,0.010451,0.341037,0.100225,-0.132539,0.450338,0.421349,0.389988,0.232957,0.026602,0.561504,0.249665
0.351676,0.115537,0.291971,-1.006508,-0.045866,0.252112,-0.523053,-0.109225,-0.039564,0.003671,0.226198,-0.295897,0.678443,-0.446184,-0.410724,-0.219368,-0.178937,-0.801880,0.377598,-0.092347,0.273500,0.421503,0.232084,0.175333,0.060513,0.232572,0.121605,0.235151,0.304244,0.206103,0.099222,0.092708,0.202735,0.494040,0.063839,0.248919,0.342302,0.270708,0.372081,0.179669
0.556964,0.157450,0.176284,-2.420527,-0.604760,1.717163,-1.468810,-0.535856,-0.312729,0.284560,0.181019,-1.630893,1.707283,-0.565156,-1.284891,-1.006856,-0.752248,-2.200823,0.562077,-0.324510,0.460133,0.833610,1.207262,0.231283,0.606764,0.287423,-0.414141,0.485566,0.428499,0.623095,0.677411,0.433648,0.392406,1.060189,0.714791,0.588048,0.858281,-0.074725,1.316222,0.106836
0.189465,0.064939,0.335084,-0.707385,-0.032990,0.431816,-0.359640,-0.155963,-0.004028,-0.033388,0.038118,-0.287572,0.515012,-0.145611,-0.287594,-0.148534,-0.183062,-0.720619,0.225108,-0.053452,0.286618,0.215873,0.296312,0.007509,0.379571,0.220701,-0.029357,0.285238,0.254596,0.037976,0.214319,0.210517,0.210237,0.517387,0.399684,0.157945,0.245674,0.012006,0.334969,0.135330
0.301437,0.114120,0.427554,-0.975955,0.000595,0.546473,-0.642171,0.071063,0.266582,0.131258,0.055775,-0.709002,0.627387,-0.339257,-0.561561,-0.256878,-0.366618,-0.949800,0.554389,-0.077729,0.436195,0.359307,0.430892,0.085273,0.630925,0.272738,-0.055903,0.229743,0.206092,0.311280,0.252186,-0.070930,0.191990,0.587077,0.433299,0.266558,0.252287,0.050490,0.173870,0.151356
0.255274,0.045208,0.265846,-0.391297,0.067217,0.270126,-0.128518,-0.040102,0.020121,0.094109,0.016005,-0.275555,0.397038,-0.054884,-0.282802,-0.072549,-0.036518,-0.518546,0.203817,0.050005,0.187274,0.236366,0.057681,0.076531,0.274067,0.135945,0.050583,0.287896,0.214735,0.085335,0.101868,0.054805,0.135641,0.204635,0.254860,0.151588,0.267676,0.176707,0.206413,0.039782
0.275823,0.160218,0.104401,-0.529180,0.038417,0.300212,-0.271979,0.063622,-0.130667,0.042035,0.216338,-0.276336,0.345971,-0.135771,-0.295338,-0.113836,-0.104220,-0.362918,0.138114,0.005388,0.118753,0.180690,0.112650,0.152381,0.065930,0.056061,-0.009821,0.191553,0.187666,0.006499,-0.017127,0.181414,0.031419,0.349950,0.229839,-0.085778,0.265067,0.136051,0.254441,0.091897
0.108185,-0.098601,0.308636,-0.730819,0.091313,0.134092,-0.348010,-0.130709,-0.087268,0.003224,-0.062943,-0.233529,0.402021,-0.192851,-0.357762,-0.237204,-0.266730,-0.765796,0.077204,-0.005101,0.400150,0.156524,0.245735,0.141578,0.409917,0.137866,-0.006667,0.101968,0.203923,0.137411,0.155486,-0.024310,0.186601,0.313230,0.281898,0.154494,0.186469,-0.080596,0.199293,0.116928
0.285553,-0.166959,0.258369,-0.586676,0.115251,0.206800,-0.257487,-0.146433,-0.072931,0.156491,-0.055944,-0.297186,0.427073,-0.201995,-0.423834,-0.174225,-0.059902,-0.701045,0.155156,0.072510,0.306424,0.265220,0.255900,0.145166,0.395195,0.185889,0.032886,0.135013,0.232823,0.165880,0.206699,0.121009,0.229863,0.188454,0.257273,0.226141,0.306384,0.046154,0.275177,0.099777
0.122155,-0.017589,0.320066,-0.592306,-0.081884,0.535577,-0.600342,-0.058997,0.069265,0.147726,0.029586,-0.697730,0.567678,-0.111458,-0.340231,-0.201270,-0.266386,-0.637279,0.263597,-0.038488,0.268426,0.209767,0.091211,0.227669,0.400280,0.272846,0.007502,0.247666,0.240509,0.073937,0.215168,-0.121039,0.031395,0.288286,0.199945,0.106995,0.393953,0.266020,0.369517,0.009907
0.080167,0.163717,0.344690,-1.007851,0.117992,0.483276,-0.606870,-0.027340,-0.128328,0.072789,-0.042163,-0.618335,0.523312,-0.199328,-0.699504,-0.098565,-0.477515,-0.933965,0.379004,-0.065403,0.387011,0.451196,0.396062,0.143785,0.275552,0.065346,0.156971,0.353647,0.226612,0.280817,0.006572,-0.256514,0.008604,0.564760,0.148240,0.158595,0.443871,0.101734,0.389752,0.176281
0.142690,-0.027165,0.486057,-0.598873,0.037703,0.425947,-0.519167,-0.047991,0.073844,-0.006457,0.132178,-0.396719,0.610420,-0.303226,-0.251353,-0.243298,-0.213380,-0.756670,0.341606,-0.070992,0.209876,0.209331,0.175202,0.177811,0.406299,0.158502,-0.078693,0.179388,0.163327,0.223910,0.080483,0.045667,0.139966,0.591877,0.384028,0.249830,0.220570,0.059294,0.444942,0.282070
0.140780,0.054977,0.245584,-0.924058,-0.164385,0.580801,-0.718048,-0.204839,-0.022059,0.148100,0.007634,-0.538186,0.804093,-0.100752,-0.354707,-0.388190,-0.295002,-0.760520,0.304433,-0.167300,0.240882,0.387376,0.147032,0.148630,0.251872,0.298443,0.028544,0.071206,0.166414,0.186083,0.150756,0.109372,0.305209,0.409860,0.347025,0.312845,0.201489,0.198029,0.386723,0.170534
0.094639,-0.049312,0.156956,-0.436720,-0.015302,0.364561,-0.243786,-0.027061,0.012432,0.089911,0.101577,-0.429722,0.409890,-0.120112,-0.280992,-0.111998,-0.215551,-0.493458,0.293819,0.039734,0.158672,0.301836,0.124920,0.069011,0.231754,0.087983,-0.021275,0.200131,0.215409,0.135498,-0.014553,0.005366,0.165624,0.128843,0.069377,0.103251,0.313730,0.200453,0.258265,0.092006
0.389797,-0.080428,0.420934,-0.872128,-0.075028,0.638277,-0.438241,-0.190828,-0.089632,0.168970,0.143038,-0.873027,0.705133,-0.252401,-0.558392,-0.400132,-0.009676,-1.048860,0.377313,0.077863,0.421823,0.687035,0.278510,0.268364,0.498498,0.461737,-0.003559,0.129890,0.446261,0.202840,0.081918,0.222593,0.064219,0.352944,0.233017,0.262862,0.263088,0.135212,0.435141,0.171970
0.114283,-0.041724,0.186773,-0.512347,0.006263,0.393518,-0.235324,-0.039760,0.006370,0.115418,0.030512,-0.447699,0.496632,-0.166364,-0.232424,-0.150605,-0.150763,-0.584881,0.329424,0.045371,0.174784,0.327818,0.098909,0.112373,0.324693,0.107217,-0.011297,0.175647,0.254460,0.129151,0.060262,0.031138,0.224705,0.132972,0.153076,0.173865,0.304328,0.192105,0.251364,0.141636
0.108153,0.107450,0.327887,-0.702953,-0.029195,0.347217,-0.547111,-0.078400,-0.023322,0.022238,0.185674,-0.513591,0.490715,-0.257036,-0.429661,-0.268847,-0.118185,-0.650948,0.334445,-0.145817,0.257080,0.329286,0.343496,0.226715,0.255719,0.196355,-0.053564,0.147431,0.215024,0.198756,-0.007840,-0.033485,0.083737,0.399375,0.201527,0.276143,0.241103,0.138579,0.350933,0.266709
0.216331,0.004830,0.143592,-0.620697,0.056977,0.277476,-0.271974,-0.060447,-0.088073,0.115527,0.036826,-0.199722,0.327966,-0.007151,-0.475847,-0.106443,-0.126596,-0.522148,0.160165,0.098419,0.209864,0.219318,0.339467,0.170952,0.204908,0.080781,0.048568,0.323183,0.293764,0.133272,0.048174,0.232119,0.107194,0.329805,0.213016,0.073227,0.303933,0.010343,0.265595,-0.011719
0.009866,0.065844,0.257641,-0.963482,0.026947,0.508592,-0.677983,-0.047246,-0.116129,0.002310,0.123716,-0.627673,0.712674,-0.320865,-0.409748,-0.171451,-0.238205,-0.627869,0.128462,0.017351,0.344084,0.242435,0.234599,0.305494,0.371746,0.323205,0.006127,0.142126,0.205284,0.050004,0.273808,0.016054,0.315177,0.435240,0.180522,0.200699,0.474550,0.198448,0.403586,0.088190
0.077651,0.059683,0.345753,-0.730773,-0.118984,0.680986,-0.472758,-0.265995,0.076714,0.097806,0.055919,-0.818378,0.733998,-0.119575,-0.600304,-0.295151,-0.271072,-0.944825,0.345226,0.019606,0.346535,0.387630,0.222521,0.191327,0.475865,0.192204,0.142516,0.372078,0.341580,0.138562,0.319910,-0.071090,0.021327,0.438073,0.413525,0.271011,0.255606,0.222147,0.446602,0.095295
1.245465,-0.012120,1.724402,-3.507776,0.142786,2.779302,-1.217190,-0.743376,-0.326644,0.601635,0.398053,-0.648583,2.486176,0.002869,-1.754380,-0.879075,-0.712884,-4.829081,0.912462,-0.534615,1.641735,0.734095,-0.103773,-0.014687,0.938382,1.078171,0.312339,0.199330,0.423271,0.314910,1.562684,-0.260134,0.519583,1.163409,0.269468,0.194908,0.041117,-0.140281,0.874537,0.440290
0.152102,0.128447,0.315454,-0.664680,0.166463,0.526136,-0.460112,-0.130982,-0.076399,0.081210,0.007416,-0.497676,0.653746,-0.383269,-0.474172,-0.129855,-0.280019,-0.695646,0.257600,0.031746,0.292365,0.379356,0.242566,0.186999,0.340944,0.081946,0.068611,0.423703,0.228017,0.170434,0.138584,-0.164914,0.118404,0.527349,0.506776,0.169113,0.319358,0.308041,0.370471,0.227159
0.299109,-0.003268,0.315886,-0.913973,0.036739,0.420208,-0.510578,-0.157069,-0.109829,0.043899,0.127434,-0.567919,0.604770,-0.189839,-0.502422,-0.344645,-0.294457,-0.705702,0.264347,-0.178078,0.241531,0.390634,0.197853,0.236264,0.228932,0.077955,-0.046134,0.066007,0.292735,0.185997,0.069871,0.010015,0.218162,0.225906,0.185478,0.210757,0.224680,0.195464,0.629257,0.109605
0.390940,-0.021840,0.447016,-0.814505,-0.010617,0.511740,-0.538600,-0.206958,0.190109,0.070609,0.116229,-0.795497,0.654926,-0.012914,-0.254319,-0.028778,-0.100758,-0.947607,0.315713,0.117567,0.367091,0.321292,0.214217,0.261898,0.547097,0.339651,0.100056,0.231481,0.359700,0.182919,0.018621,0.134836,0.161245,0.438801,0.300404,0.090235,0.272961,0.186597,0.405112,0.007417
0.167378,-0.007389,0.260852,-0.959365,-0.127516,0.263753,-0.451129,-0.042596,-0.100986,0.010597,0.216566,-0.576432,0.592445,-0.288253,-0.518616,-0.242188,-0.229595,-0.667074,0.433090,-0.061414,0.380664,0.458048,0.222700,0.181224,0.228278,0.212513,0.055722,0.215227,0.285436,0.158596,0.184293,0.033170,0.226667,0.389829,0.151843,0.293801,0.345386,0.269424,0.333811,0.039084
0.363284,-0.014977,0.333021,-0.755109,-0.030937,0.496678,-0.405752,0.018160,-0.210719,0.133447,0.412220,-0.558174,0.510928,-0.320964,-0.482515,-0.270492,-0.218607,-0.722211,0.328030,0.071348,0.356610,0.437719,0.288617,0.275212,0.044594,0.013468,0.074891,0.254377,0.347616,0.175854,-0.039902,0.114936,0.178632,0.314210,0.081038,0.119375,0.414917,0.184522,0.301893,0.032124
0.210507,-0.230937,0.198076,-0.604610,0.032180,0.273744,-0.246170,-0.117739,-0.095769,0.056230,0.004845,-0.290344,0.324882,0.005868,-0.473550,-0.193866,-0.178618,-0.528944,0.086634,0.135220,0.264652,0.158899,0.333004,0.160442,0.178557,-0.081536,0.063362,0.132109,0.278400,0.139110,0.063127,0.161089,0.065278,0.245749,0.121095,0.152032,0.249609,-0.017026,0.296350,-0.024586
0.300214,0.071780,0.371563,-0.989064,-0.047633,0.342230,-0.575473,-0.097446,0.089279,-0.043817,0.240390,-0.649172,0.743350,-0.425498,-0.445667,-0.353953,-0.220667,-0.882961,0.411674,-0.017006,0.437016,0.440417,0.471758,0.149222,0.352588,0.131290,-0.024731,0.032978,0.250601,0.269339,0.073021,0.081346,0.159293,0.519473,0.260643,0.220312,0.224054,0.125714,0.586260,0.186938
0.317123,0.057324,0.316770,-1.126449,0.060796,0.389778,-0.501393,-0.093460,0.125858,0.024204,0.282920,-0.647723,0.908107,-0.336417,-0.453919,-0.176261,-0.305410,-1.004711,0.399045,-0.023606,0.379239,0.546495,0.165711,0.213141,0.275240,0.159346,0.146587,0.190358,0.381101,0.326740,0.182570,0.070797,0.287012,0.406076,0.230972,0.209992,0.209106,0.162752,0.483465,0.074234
0.276693,0.219535,0.180955,-1.010200,-0.124254,0.638960,-0.736928,-0.197872,0.185800,0.150674,0.067179,-0.621191,0.519032,-0.260542,-0.242332,-0.194551,-0.136888,-0.797164,0.351136,-0.281325,0.321713,0.293207,0.464168,0.140769,0.445541,0.594685,-0.230787,0.405073,0.112608,0.212369,0.225991,0.149267,0.192861,0.353239,0.596756,0.167927,0.197576,0.130568,0.377978,0.261667
0.202598,0.174471,0.182891,-0.729521,-0.192783,0.489198,-0.452219,-0.248412,-0.038786,0.078771,0.199714,-0.700874,0.794917,0.027243,-0.525327,-0.342890,-0.346714,-0.866840,0.320763,-0.068266,0.313992,0.500782,0.301801,0.124722,0.250450,0.173050,0.064199,0.047954,0.333177,0.199770,0.007094,0.025807,0.126115,0.292275,0.269641,0.281981,0.174225,0.146357,0.606089,0.220923
0.185449,0.059864,0.143436,-0.658391,0.016489,0.302408,-0.234700,0.023205,-0.092889,0.012352,0.140832,-0.331704,0.455822,-0.188822,-0.320316,-0.172249,-0.004264,-0.527227,0.348857,0.031089,0.168165,0.337154,0.112276,0.136707,0.106580,0.250105,0.004189,0.281904,0.330814,0.008618,0.136443,0.162830,0.147650,0.269361,0.150166,0.219050,0.340242,0.205541,0.275109,0.142274
0.241804,0.086876,0.267251,-0.612800,0.147041,0.340285,-0.371728,-0.089936,-0.062322,0.018263,-0.018426,-0.304219,0.423294,-0.262871,-0.334179,-0.039900,-0.173587,-0.557882,0.336499,-0.102893,0.111231,0.235592,0.178329,0.111699,0.203805,0.070652,0.062474,0.344559,0.001328,0.180296,-0.144079,0.053015,0.147892,0.507981,0.329435,0.098614,0.199663,0.131141,0.273956,0.147072
0.418772,-0.021219,0.587099,-0.991512,0.195819,0.625247,-0.385031,-0.232401,0.133009,0.101914,0.189080,-0.651824,1.248818,-0.442785,-0.412689,-0.104303,-0.262408,-1.385209,0.492784,-0.214561,0.249550,0.513912,-0.005904,0.137233,0.451339,0.273483,0.251311,0.271731,0.288022,0.267443,0.076760,-0.106456,0.420928,0.535304,0.407258,0.424046,0.441045,0.245408,0.283666,0.030255
0.105652,-0.043136,0.246644,-0.509574,0.045520,0.239331,-0.257345,-0.096849,-0.049203,-0.050332,0.121082,-0.317660,0.480278,-0.161019,-0.276855,-0.185496,-0.078449,-0.493493,0.218333,0.087197,0.205034,0.267610,0.182533,0.008211,0.225809,0.089060,-0.020323,0.120657,0.242440,0.118021,0.164641,0.121424,0.095386,0.162048,0.100748,0.184288,0.263454,0.010694,0.206814,0.155960
0.287474,0.195217,0.413209,-0.964749,-0.192743,0.703147,-0.660430,-0.253271,0.131439,0.175065,0.024999,-0.989984,0.720548,-0.069818,-0.705950,-0.259163,-0.135080,-1.104696,0.400494,0.048159,0.524825,0.513121,0.304201,0.245331,0.425138,0.349214,0.102814,0.367104,0.309923,0.269032,0.252694,-0.110783,0.044753,0.513218,0.505316,0.376720,0.096796,0.220506,0.364372,0.146061
0.381552,0.061925,0.242531,-0.732666,-0.061187,0.510820,-0.427367,0.013034,-0.206536,0.192204,0.260055,-0.490055,0.385762,-0.153323,-0.552433,-0.150125,-0.119842,-0.652317,0.165128,0.142492,0.382058,0.327885,0.407130,0.290587,0.133847,0.059895,0.068699,0.253201,0.371188,0.157903,0.010896,0.226054,0.168636,0.378800,0.150638,0.092777,0.356563,0.019067,0.334027,-0.032211
0.256103,-0.105340,0.327177,-0.914753,-0.050143,0.399965,-0.364661,-0.282597,-0.054525,0.097159,0.095280,-0.457007,0.581726,-0.122234,-0.507536,-0.224917,-0.327051,-0.907651,0.311883,0.000698,0.328403,0.377341,0.368305,0.198729,0.292663,0.016664,0.029752,0.166941,0.405221,0.231139,0.216254,0.080704,0.099466,0.302626,0.116504,0.224826,0.292739,0.042116,0.534866,0.038939
0.624705,0.143211,0.459863,-1.014336,-0.062331,0.457824,-0.618898,-0.136875,0.287437,0.186963,0.392536,-0.618155,0.684204,-0.547104,-0.382084,-0.301048,-0.061788,-1.059922,0.389794,-0.058824,0.520129,0.371111,0.453754,0.205860,0.366723,0.290755,-0.154878,0.021471,0.289850,0.335586,0.206725,0.219694,0.227659,0.481652,0.456427,0.118923,0.200379,0.126508,0.576298,0.272965
0.573969,0.249839,0.254515,-1.188389,-0.190989,0.851524,-0.584099,-0.047048,0.113628,0.295140,0.435659,-0.849267,1.300193,-0.253023,-0.462037,-0.469250,-0.097324,-0.882333,0.422679,-0.101178,0.472737,0.406350,0.223936,0.323839,0.541090,0.577677,-0.007400,0.159783,0.258145,0.223593,0.120318,0.119686,0.364740,0.336265,0.464646,0.172249,0.074857,0.163897,0.553064,0.218633
0.201462,-0.095823,0.279604,-0.354626,0.181252,0.460964,-0.333880,-0.016449,-0.037204,0.119028,-0.031891,-0.496534,0.637786,-0.215610,-0.332626,-0.113494,-0.093350,-0.557971,0.197297,0.061388,0.210147,0.320016,-0.050347,0.224967,0.335539,0.254237,-0.022953,0.246599,0.187122,0.128232,0.083357,0.125543,0.251129,0.163525,0.213104,0.128169,0.286833,0.143910,0.283829,0.126960
0.188022,0.040764,0.243679,-0.311074,0.102008,0.286745,-0.119195,-0.043516,-0.046740,0.094773,0.059161,-0.219758,0.381083,-0.022183,-0.289408,-0.061168,-0.095130,-0.484971,0.184967,0.077309,0.181006,0.143247,0.076906,0.036586,0.194442,0.081583,0.010074,0.166723,0.145144,0.008132,0.014318,0.094984,0.081974,0.251076,0.174556,0.093119,0.246149,0.208010,0.150991,0.014729
0.290438,0.062513,0.322134,-0.496383,0.172595,0.407789,-0.304238,0.097684,0.011678,0.130629,0.179011,-0.401329,0.464366,-0.281874,-0.250862,-0.094927,-0.238408,-0.604378,0.234984,-0.120897,0.189690,0.278512,0.127296,0.157777,0.192648,0.114749,0.057205,0.254456,0.257060,0.027949,-0.030959,0.146650,0.172836,0.456733,0.311373,0.068128,0.367133,0.100713,0.265306,0.213972
0.307138,-0.039272,0.386821,-0.882572,0.046762,0.394868,-0.259225,-0.030656,0.105714,0.011562,0.223113,-0.411155,0.676618,-0.357250,-0.392416,-0.106932,-0.254735,-0.828462,0.239153,0.029290,0.388929,0.340171,0.049646,0.189508,0.295349,0.094698,0.202518,0.325444,0.233959,0.188342,0.213968,0.075820,0.373995,0.336386,0.326967,0.252072,0.293802,0.196619,0.294661,0.074101
0.205681,0.051195,0.217702,-0.892975,-0.071832,0.571656,-0.695596,-0.245921,-0.000136,0.060329,0.294329,-0.671106,0.778076,-0.212086,-0.421707,-0.349479,-0.217907,-0.761374,0.305068,-0.101239,0.408350,0.288288,0.159657,0.130511,0.314090,0.226940,-0.058194,0.196559,0.134596,0.199702,0.180324,0.144658,0.115162,0.538218,0.522398,0.323569,0.154969,0.167471,0.248215,0.131255
0.202614,0.102037,0.098955,-0.959371,0.016600,0.487594,-0.579670,-0.106756,-0.285938,-0.051874,0.052014,-0.466750,0.529438,-0.225559,-0.608740,-0.140843,-0.110869,-0.792330,0.014790,-0.120405,0.195269,0.520746,0.369001,0.386509,-0.004429,0.210791,0.122467,0.452060,0.393138,0.018502,0.120414,0.164510,0.282333,0.421467,0.339929,0.164033,0.625357,0.262976,0.457266,0.273894
0.332184,0.139367,0.380154,-0.689117,-0.062447,0.498068,-0.321588,-0.131471,-0.073324,0.092155,0.049562,-0.412243,0.752072,-0.259493,-0.215081,-0.317025,0.045450,-0.833308,0.450189,-0.186467,0.237111,0.289157,0.123714,0.130010,0.378688,0.348290,0.030142,0.151615,0.231636,0.038584,0.203556,0.178040,0.068001,0.568226,0.417704,0.215048,0.269713,0.169907,0.445291,0.203827
0.115490,-0.117961,0.356050,-0.522606,-0.002001,0.234348,-0.120679,-0.004218,0.031084,0.076551,0.169458,-0.369657,0.334356,-0.170638,-0.345804,-0.111394,-0.219133,-0.593729,0.284118,0.093877,0.317327,0.248712,0.177982,0.071016,0.245592,0.086950,0.102005,0.306466,0.291514,0.088471,0.084594,-0.019599,0.194302,0.214620,0.130589,0.217202,0.266183,0.175194,0.209791,-0.013083
0.362851,-0.000003,0.478451,-1.002830,-0.059759,0.604382,-0.702706,-0.118992,-0.135577,0.074965,0.277040,-0.683389,0.409481,-0.274503,-0.623257,-0.197769,-0.083002,-0.933684,0.320602,0.007422,0.392623,0.403512,0.377052,0.436320,0.230428,0.259637,-0.055807,0.205080,0.354333,0.205236,-0.040798,0.157093,0.128261,0.577843,0.331477,0.310589,0.404328,0.252304,0.535924,0.214478
0.373430,0.056670,0.219752,-0.633543,0.220807,0.422519,-0.401143,-0.011637,-0.203246,0.233783,-0.056245,-0.324111,0.417795,-0.041245,-0.612841,-0.143802,0.027672,-0.668266,0.310154,0.105851,0.266478,0.378206,0.258794,0.251399,0.253347,0.222150,-0.047997,0.403940,0.332009,0.036377,0.089379,0.225565,0.188222,0.270155,0.305727,0.157189,0.389837,0.115483,0.405173,0.049977
0.235273,-0.122963,0.207220,-0.702512,0.049803,0.212216,-0.271891,-0.167424,-0.196874,0.065254,0.034385,-0.313466,0.465430,-0.166603,-0.414133,-0.180902,-0.162197,-0.554557,0.275391,0.121771,0.187743,0.238300,0.361349,0.092093,0.204239,0.029643,0.033750,0.189576,0.301623,0.239151,0.078736,0.108804,0.109025,0.217781,0.073075,0.292498,0.228385,0.051445,0.305341,0.049941
0.116913,0.032419,0.086897,-0.629414,0.027415,0.546065,-0.384968,-0.135365,-0.113762,0.093221,0.238859,-0.340578,0.750676,-0.133441,-0.500568,-0.142058,-0.297959,-0.451194,0.168453,0.137546,0.194476,0.105541,0.097873,0.058712,0.254881,0.223655,-0.023888,0.183469,0.071104,-0.021852,0.188239,0.178425,0.068011,0.485281,0.188208,-0.001091,0.226598,0.244307,0.372519,0.085229
0.263960,-0.076880,0.228761,-0.680207,0.157177,0.546128,-0.505518,-0.219890,-0.175399,0.187647,0.216841,-0.540381,0.545444,-0.111352,-0.533456,-0.235632,-0.372507,-0.535196,0.123204,0.030496,0.200268,0.110158,0.127928,0.014000,0.289400,-0.024728,-0.129159,0.286666,-0.054673,0.118354,0.133874,0.115227,-0.046752,0.416810,0.286625,-0.039678,0.204992,0.282686,0.396796,0.015092
0.418696,0.274862,0.178686,-0.937964,-0.035053,0.409947,-0.460894,-0.210483,-0.064898,0.008971,0.201529,-0.551990,0.814712,0.032501,-0.389414,-0.155832,-0.174324,-0.735909,0.251896,0.136682,0.235503,0.293127,0.155250,0.212811,0.249790,0.223008,0.120968,0.329822,0.350327,0.017683,0.119122,0.289151,0.181482,0.388363,0.374363,0.125145,0.202577,0.178681,0.429105,0.211589
0.063131,-0.031921,0.301638,-1.090515,0.211417,0.231911,-0.590028,-0.131615,-0.187791,0.181777,-0.044329,-0.560914,0.689966,-0.290552,-0.607706,-0.236815,-0.190305,-0.771672,0.236394,0.048955,0.495448,0.452129,0.223976,0.158822,0.440548,0.339334,-0.036130,0.144451,0.182651,0.117307,0.214674,0.022160,0.407528,0.402744,0.258246,0.295094,0.451135,0.188842,0.325562,0.033700
0.443557,-0.145949,0.491700,-0.759059,0.091065,0.495670,-0.539754,-0.147240,0.064572,0.299890,0.008328,-0.622879,0.413749,-0.279577,-0.240598,-0.231193,-0.028699,-0.865146,0.590755,0.020472,0.326323,0.433701,0.121613,0.169163,0.751143,0.371734,-0.016950,0.373522,0.233675,0.013161,0.161813,0.139684,0.096634,0.323452,0.473621,0.163279,0.235095,0.213935,0.226807,0.058629
0.202082,-0.061720,0.388681,-0.935426,0.171563,0.354423,-0.593176,-0.098197,0.063886,-0.049865,0.364177,-0.379546,0.718495,-0.370678,-0.265231,-0.129635,-0.226300,-0.681971,0.091487,-0.189537,0.241778,0.107285,0.077611,0.224643,0.264169,0.136235,-0.081658,0.199519,0.084423,-0.045929,0.167637,0.193084,0.251335,0.564860,0.355625,0.067417,0.260746,0.223103,0.481751,0.215505
0.176526,0.012950,0.233724,-0.340745,0.050007,0.279580,-0.126215,-0.016863,0.006314,0.127892,0.098962,-0.280928,0.302161,-0.057685,-0.297880,-0.065932,-0.136455,-0.425403,0.202872,0.076004,0.149965,0.230396,0.147663,0.056693,0.179099,0.058765,0.027719,0.286822,0.208031,0.082042,-0.013351,0.094010,0.033845,0.252826,0.152360,0.055374,0.259824,0.121113,0.199522,0.024114
-0.004521,0.033547,0.424951,-1.008369,-0.139398,0.536909,-0.654352,-0.051678,0.088920,0.103932,0.124526,-0.833571,0.702711,-0.219197,-0.513750,-0.359906,-0.392446,-0.890392,0.336649,-0.136610,0.404179,0.452548,0.423246,0.058844,0.457816,0.280937,-0.027731,0.078391,0.194854,0.319894,0.259523,-0.059767,0.150845,0.354159,0.318947,0.294854,0.217207,0.203182,0.381967,0.102054
0.251627,-0.003089,0.536923,-0.915459,-0.020984,0.608542,-0.569577,-0.191000,0.096048,-0.135318,0.006400,-0.679707,1.027445,-0.148097,-0.489246,-0.318622,-0.233304,-1.296840,0.097678,-0.105598,0.506054,0.295436,0.185050,0.333973,0.312690,0.051356,-0.004005,0.299631,0.280821,0.294158,0.219879,-0.020315,0.357608,0.414392,0.453235,0.444301,0.365030,0.060422,0.468746,0.291816
0.244047,-0.152418,0.311655,-0.757992,0.051676,0.438996,-0.397420,-0.166530,-0.047560,0.095546,0.309917,-0.624398,0.746277,-0.225645,-0.588519,-0.308862,-0.287243,-0.658633,0.170327,0.177662,0.442629,0.213928,0.372647,0.102093,0.302771,-0.054882,0.172525,0.354318,0.259085,0.251727,0.123630,0.188420,0.371233,0.304268,0.173901,0.229968,0.327485,0.136426,0.366953,-0.004733
0.295487,0.041808,0.343130,-1.572289,0.236057,1.310226,-0.937866,-0.292584,-0.161426,0.255820,0.121285,-1.142789,1.625820,-0.513754,-0.929050,-0.382395,-0.697652,-1.671612,0.573168,-0.199786,0.616523,0.641577,0.613343,0.173760,0.370324,0.366657,0.003341,0.456580,0.389414,0.324387,0.480859,0.091727,0.605425,0.759304,0.656283,0.475121,0.758472,0.197066,1.059161,0.026201
0.317373,-0.040086,0.259398,-0.667596,-0.052004,0.313651,-0.289420,-0.141615,-0.027539,0.132634,0.085687,-0.388873,0.457842,-0.083912,-0.445825,-0.112777,-0.080117,-0.722965,0.171916,0.029605,0.330027,0.289908,0.304290,0.222325,0.176153,0.141111,0.061654,0.102497,0.358911,0.141729,0.117783,0.234610,0.100552,0.295412,0.199890,0.094010,0.326557,0.050134,0.293981,-0.020799
0.246229,-0.103035,0.299743,-0.557307,0.031468,0.304336,-0.456594,-0.064820,-0.088397,0.164214,0.010887,-0.559255,0.417961,-0.153295,-0.468569,-0.084996,-0.065172,-0.650422,0.128354,0.164223,0.386815,0.284282,0.240430,0.247254,0.311492,0.270622,-0.011991,0.113668,0.265345,0.143546,0.065357,0.099404,0.202489,0.268071,0.151549,0.101077,0.399147,0.109743,0.330875,-0.009226
0.067759,0.138527,0.166040,-0.982342,-0.251920,1.004680,-0.752561,-0.312381,-0.013174,0.095302,0.238908,-0.887529,0.933359,-0.121619,-0.652725,-0.408563,-0.214958,-0.797545,0.272773,-0.169987,0.341466,0.484161,0.505041,0.175258,0.385385,0.428449,-0.077613,0.321427,0.377185,0.065823,0.286166,0.120349,0.177831,0.452347,0.514285,0.213628,0.205875,0.246222,0.663086,0.366750
0.222965,0.370930,0.141220,-0.987300,0.167238,0.718991,-0.564925,-0.260949,-0.172328,0.077752,0.019944,-0.777946,0.709340,-0.087433,-0.636372,-0.200564,-0.063916,-0.801901,0.456301,-0.148783,0.251705,0.394531,0.298400,0.155297,0.387031,0.342370,0.007106,0.527512,0.042085,0.075449,0.017223,0.032128,0.173914,0.504675,0.542165,0.159264,0.356384,0.292307,0.680158,0.087110
0.021808,-0.025242,0.211737,-0.344193,0.074789,0.256604,-0.241431,-0.081858,-0.021101,0.032893,0.088183,-0.377054,0.409204,-0.146577,-0.263754,-0.112395,-0.098086,-0.443993,0.259831,0.033051,0.147854,0.265670,0.114212,0.075474,0.324184,0.107506,-0.038376,0.069211,0.136089,0.126126,0.121780,0.128057,0.139824,0.136959,0.077888,0.161278,0.269521,0.094102,0.239197,0.055901
0.471159,0.171925,0.515352,-1.073296,-0.034940,0.661138,-0.806409,-0.096314,0.183456,0.172555,0.232691,-0.843332,0.760390,-0.114510,-0.505869,-0.199920,-0.158104,-0.957033,0.324811,0.168794,0.616315,0.407642,0.355942,0.317277,0.487074,0.355111,-0.029802,0.339147,0.252512,0.389506,0.188024,-0.077413,0.163475,0.421433,0.416008,0.230111,0.176881,0.055280,0.202903,0.223394
0.479129,-0.073261,0.379984,-0.983503,-0.079093,0.699890,-0.421046,-0.100530,-0.024269,0.250366,0.486321,-0.519503,0.985745,-0.306764,-0.530906,-0.474002,-0.230081,-1.064636,0.456736,0.063192,0.405342,0.411455,0.007856,0.072472,0.254343,0.406649,-0.052343,0.002883,0.267639,0.193691,0.094862,0.150473,0.270248,0.409562,0.245574,0.175297,0.319449,0.221534,0.474622,0.097607
0.066219,-0.026348,0.168126,-1.021651,0.002082,0.543953,-0.528682,-0.099168,-0.143242,0.209388,0.080820,-0.605369,0.767847,-0.149519,-0.491794,-0.248689,-0.285052,-0.572518,0.421889,0.104159,0.197610,0.389751,0.168134,0.057291,0.368291,0.337440,0.022091,0.369777,0.274422,0.055703,0.211099,0.031049,0.440271,0.336600,0.244158,0.175288,0.455024,0.343944,0.375948,0.197300
0.363993,0.022863,0.166084,-0.899197,0.019756,0.366622,-0.392096,-0.271398,-0.090485,0.190073,0.117439,-0.443604,0.889746,-0.030047,-0.515488,-0.266842,-0.195046,-0.694421,0.279924,0.073280,0.224674,0.318250,0.207370,0.177872,0.193190,0.158332,0.024005,0.275886,0.232390,0.158416,0.092206,0.094330,0.378333,0.362201,0.311503,0.227200,0.230192,0.248237,0.405681,0.143701
0.656552,-0.162812,0.892621,-1.575505,0.052088,0.506983,-0.771804,-0.702513,0.004476,0.151143,0.541459,-0.581894,0.888421,-0.419199,-0.790415,-0.529147,-0.400602,-1.857819,0.522284,0.299221,0.589136,0.448626,0.294987,0.454474,0.389687,0.029489,0.095917,0.199784,0.492416,0.386149,0.163979,0.404681,0.125548,0.520188,0.312312,0.676977,0.083446,0.199707,0.679703,0.115882
0.220492,0.033141,0.310294,-0.341128,0.062348,0.322490,-0.209686,-0.054246,0.080161,0.134137,0.038106,-0.365732,0.433812,-0.092664,-0.246583,-0.054390,-0.078989,-0.541177,0.149937,0.028275,0.219199,0.208857,0.036660,0.069479,0.259535,0.118599,0.036172,0.281941,0.197856,0.102836,0.018758,0.049127,0.118554,0.230383,0.245245,0.097557,0.279924,0.184914,0.206888,0.024469
0.349026,-0.057172,0.357199,-0.729028,-0.074493,0.408764,-0.403690,-0.108035,0.021091,-0.034507,0.115676,-0.449480,0.976377,-0.203261,-0.337214,-0.406549,-0.117057,-0.805390,0.187088,-0.082654,0.212960,0.118645,-0.046323,0.223045,0.221768,0.096777,0.032554,0.153575,0.182322,0.124783,0.162114,0.134083,0.371839,0.332268,0.281081,0.268756,0.323442,0.152021,0.339155,0.232087
0.169737,0.038788,0.353495,-0.855058,-0.065950,0.571669,-0.653092,-0.170946,-0.031926,-0.039294,0.222588,-0.872115,0.782378,-0.137504,-0.625155,-0.328765,-0.360927,-0.795721,0.228328,-0.043195,0.421704,0.427614,0.402647,0.182372,0.430462,0.178158,0.046324,0.156151,0.205893,0.178193,0.062604,0.095318,0.135870,0.372421,0.205773,0.171969,0.271817,0.212686,0.572459,0.306818
0.401337,0.028556,0.413932,-1.141932,-0.058992,0.567931,-0.761647,-0.156952,-0.178928,0.079647,0.381533,-0.779351,0.787212,-0.340029,-0.640546,-0.426798,-0.196393,-0.882964,0.501714,0.045212,0.493257,0.334834,0.350102,0.276583,0.361869,0.204317,0.041341,0.361339,0.292902,0.188772,0.148608,0.329045,0.117702,0.690557,0.445514,0.144132,0.193046,0.051208,0.402983,0.165855
0.386692,-0.042669,0.133946,-0.669565,0.055131,0.335843,-0.315150,-0.072498,-0.220009,0.113905,0.140623,-0.470684,0.488441,-0.138735,-0.382350,-0.260690,-0.164157,-0.547117,0.276125,-0.007842,0.202902,0.321027,0.285762,0.094313,0.176993,0.018362,-0.113849,0.063080,0.275901,0.172534,0.010779,0.052561,0.144886,0.156847,0.164742,0.212025,0.308182,0.161655,0.389740,0.060375
0.186863,0.102574,0.392348,-0.591716,0.087290,0.351662,-0.536959,-0.101364,0.029992,0.139748,-0.111269,-0.458361,0.333891,-0.095156,-0.438508,-0.055723,-0.106925,-0.679646,0.283795,0.046494,0.392515,0.309563,0.143045,0.156091,0.466933,0.224277,0.086969,0.367697,0.186665,0.031223,0.150365,-0.036703,0.156304,0.373269,0.318148,0.251747,0.310398,0.226410,0.323693,-0.016639
0.187617,-0.094403,0.326260,-0.594535,0.169389,0.399822,-0.342066,-0.128870,0.135292,-0.035533,0.109405,-0.488194,0.564996,-0.211513,-0.380776,-0.170058,-0.361351,-0.581558,0.132609,0.047072,0.285263,0.118831,0.137767,0.106189,0.451337,0.010846,0.024648,0.207950,0.130278,0.163616,0.148115,0.166524,0.222659,0.340053,0.269582,0.163831,0.277592,0.124683,0.321245,0.058712
0.716265,1.217694,0.824016,-2.647842,0.236884,2.117736,-1.589056,-0.222697,-0.450815,-0.041710,-0.000511,-1.132183,1.339068,0.051789,-1.426807,-0.591488,-1.212291,-2.693116,0.534243,-0.376453,1.239928,1.071801,0.557895,0.043396,0.581309,0.546124,0.330465,0.174773,0.876937,0.174459,1.289844,-0.479868,1.213145,0.993615,0.314649,0.564016,0.373335,0.084158,0.508698,-0.494240
0.154626,0.018645,0.165308,-0.465489,-0.086804,0.416068,-0.277144,-0.088917,0.004522,0.135270,0.076362,-0.467882,0.538523,-0.009393,-0.260266,-0.184641,-0.175936,-0.526179,0.239715,0.020264,0.172185,0.268215,0.033999,0.118582,0.275892,0.200384,-0.038307,0.236047,0.218918,0.082304,0.014154,0.016966,0.136895,0.136324,0.192608,0.073770,0.190203,0.193817,0.238047,0.090033
0.412678,-0.068410,0.356827,-0.974277,-0.007078,0.769868,-0.503537,-0.245954,-0.174102,0.073241,0.249555,-0.818870,0.913529,-0.069206,-0.791261,-0.387518,-0.426451,-1.190428,0.300186,0.021203,0.539310,0.597353,0.477014,0.300884,0.174533,0.020421,-0.003843,0.222465,0.408951,0.313465,-0.010585,0.031812,0.297061,0.190552,0.191896,0.405652,0.479730,0.161012,0.738356,0.136779
0.077667,-0.028082,0.182151,-0.331200,0.111838,0.311758,-0.300912,-0.068388,0.063904,0.012451,0.000744,-0.387556,0.401877,-0.136402,-0.237898,-0.090337,-0.104179,-0.442262,0.221123,0.005808,0.153064,0.278619,0.066347,0.142837,0.363538,0.185504,-0.023887,0.161326,0.133249,0.109441,0.094144,0.083346,0.174435,0.143698,0.098384,0.075608,0.289721,0.105644,0.245160,0.094047
0.124228,0.016224,0.476731,-0.902787,0.003459,0.407848,-0.513046,0.032191,0.117992,-0.126534,0.087276,-0.551526,0.611595,-0.261788,-0.511052,-0.298988,-0.347814,-0.856877,0.430185,-0.010624,0.385026,0.343364,0.447913,-0.035570,0.650785,0.209471,0.112550,0.231953,0.270321,0.020943,0.345893,0.165516,0.255802,0.535301,0.373705,0.338036,0.224724,-0.019966,0.409383,0.125206
0.158635,-0.138935,0.252225,-0.595652,0.014975,0.341335,-0.211867,-0.031151,0.033475,-0.001683,0.043306,-0.323478,0.411472,-0.091547,-0.425674,-0.152010,-0.293287,-0.641135,0.283816,0.077221,0.315593,0.271337,0.347388,0.072770,0.363799,0.083254,0.033541,0.229362,0.297092,0.133272,0.179700,0.111822,0.111257,0.318712,0.144132,0.266816,0.335327,-0.037310,0.296250,0.044129
0.522958,0.073620,0.689064,-1.008008,0.082012,0.571767,-0.637384,0.022470,0.084851,0.311282,0.351792,-0.787013,0.749742,-0.203139,-0.603269,-0.251675,-0.398476,-0.848106,0.378041,0.221473,0.407645,0.265355,0.235173,0.118976,0.589144,0.131833,0.009024,0.379573,0.277213,0.281098,0.097858,0.112766,0.167431,0.529160,0.342944,0.059817,0.311366,0.195204,0.211813,-0.055435
0.120438,-0.080370,0.606659,-0.761853,-0.013738,0.443656,-0.633106,0.050687,0.076734,0.148299,0.035414,-0.796104,0.604975,-0.227104,-0.478936,-0.229129,-0.417460,-0.931073,0.536982,-0.210676,0.316972,0.368526,0.458221,0.138444,0.585027,0.276537,0.050163,0.394565,0.214226,0.103149,-0.046649,-0.047413,0.077654,0.600945,0.251859,0.280443,0.361073,0.131278,0.384893,0.259403
0.081387,-0.030850,0.186825,-0.692727,0.124868,0.468062,-0.349095,0.021513,-0.052258,0.082231,-0.102720,-0.422377,0.572877,-0.081627,-0.357837,-0.130641,-0.136285,-0.663578,0.429677,0.117511,0.231521,0.474876,0.213233,0.128901,0.425644,0.245054,-0.038785,0.334651,0.298120,0.074096,0.202846,0.101998,0.190420,0.155856,0.146147,0.274850,0.367454,0.094689,0.348936,0.211394
0.265967,0.094248,0.417759,-0.872091,-0.071688,0.500857,-0.514341,-0.325349,0.032132,0.010140,-0.033242,-0.604613,0.666906,0.049093,-0.470021,-0.197167,-0.026008,-1.127781,0.271744,-0.010522,0.335638,0.347923,0.129197,0.262559,0.461310,0.369827,0.050707,0.342976,0.259034,0.208669,0.150148,0.038673,0.043899,0.410534,0.426870,0.409375,0.234689,0.227197,0.341233,0.099404
0.381847,0.145998,0.624816,-1.355124,-0.000279,1.242748,-0.692122,-0.104053,0.162338,-0.069260,0.348075,-1.243591,1.406004,-0.465280,-0.504267,-0.378374,-0.292947,-1.552823,0.539107,-0.018866,0.543116,0.410518,0.317908,0.253535,0.702248,0.553441,0.042490,0.227182,0.499815,0.275855,0.317212,0.031798,0.300254,0.348210,0.691578,0.534622,0.301690,0.272842,0.812140,0.076295
0.528880,0.070307,0.762312,-1.726865,-0.019008,1.704571,-1.012257,-0.487277,0.250510,0.414638,0.115289,-1.760561,2.201668,-0.286070,-1.048529,-0.374150,-0.573770,-2.474828,0.744892,-0.400208,0.862832,0.525525,0.510242,0.366974,0.998591,0.736488,-0.228369,0.211919,0.360016,0.574866,0.567925,-0.360014,0.316109,0.726832,0.711338,0.541942,0.928403,0.237632,0.799359,-0.090331
0.115453,-0.088247,0.348169,-0.429015,0.047030,0.494087,-0.335793,0.013661,0.137312,0.123090,0.129334,-0.594009,0.592750,-0.238651,-0.283470,-0.199556,-0.223601,-0.729648,0.316839,0.020989,0.274868,0.340401,0.064432,0.176137,0.411892,0.202303,-0.011467,0.237486,0.218254,0.125030,0.171403,0.065498,0.201648,0.235590,0.280282,0.180085,0.378450,0.184229,0.297859,0.184149
0.255857,0.028666,0.504630,-0.881539,-0.206103,0.527931,-0.652536,-0.179837,0.156982,0.270632,0.177078,-0.624397,0.590000,-0.457972,-0.186393,-0.257699,-0.040995,-1.140806,0.550609,-0.310907,0.402976,0.334968,0.249514,0.213778,0.660530,0.466556,-0.035656,0.070186,0.166026,0.139819,0.313213,0.022352,0.077028,0.480808,0.521681,0.220787,0.054813,-0.101887,0.374991,0.305200
0.017460,-0.053525,0.415259,-0.840565,0.114322,0.657324,-0.654874,-0.190368,-0.000309,0.052896,-0.039022,-0.642385,0.777346,-0.191687,-0.617211,-0.221034,-0.384274,-0.716995,0.041667,0.166855,0.381082,0.193981,0.333949,0.067340,0.515718,0.181244,-0.033551,0.219150,0.149816,0.179606,0.269668,0.066329,0.249514,0.467672,0.219180,0.181676,0.375066,0.122826,0.363512,-0.010573
0.326495,-0.128358,0.391820,-0.844956,0.091175,0.634852,-0.489420,0.000292,0.069641,0.118366,0.427670,-0.671453,0.806461,-0.302467,-0.409560,-0.217952,-0.327997,-0.825553,0.382141,-0.048564,0.360831,0.301193,0.009384,0.289187,0.324787,0.160190,0.138107,0.093723,0.283781,0.042381,0.203923,0.042302,0.292149,0.432617,0.269236,0.174578,0.444954,0.316116,0.577244,0.146005
0.150062,-0.018203,0.201847,-0.261866,0.065713,0.303144,-0.204172,-0.009780,0.072643,0.101127,0.066145,-0.338742,0.365248,-0.103309,-0.229552,-0.075469,-0.173116,-0.431850,0.151908,0.027650,0.158344,0.211925,0.068238,0.106828,0.244678,0.098590,-0.021637,0.245627,0.168918,0.093723,0.045179,0.041157,0.057628,0.214519,0.145776,0.054722,0.299859,0.120445,0.203591,0.070858
0.386630,-0.043566,0.373396,-0.977608,-0.003696,0.623622,-0.719394,-0.167555,-0.086578,-0.024635,0.593703,-0.860463,1.042630,-0.425506,-0.620640,-0.390469,-0.266253,-0.953516,0.380694,0.070562,0.290749,0.419794,0.246192,0.219902,0.356465,0.384249,0.061429,0.191438,0.281332,0.175712,-0.015856,0.337020,0.266068,0.512428,0.233763,0.247148,0.129313,0.171778,0.609052,0.192458
0.108593,-0.009746,0.126735,-0.437156,-0.037383,0.275903,-0.171827,-0.042830,-0.001018,0.081498,0.117974,-0.342005,0.339990,-0.051164,-0.317517,-0.107088,-0.176112,-0.470648,0.303313,0.041604,0.122345,0.276528,0.159187,0.019877,0.168698,0.069937,-0.011719,0.273909,0.238230,0.106883,0.016528,0.007899,0.072153,0.179130,0.049324,0.081556,0.282949,0.170056,0.233603,0.068541
0.453798,0.054694,0.377477,-0.925999,-0.004183,0.584819,-0.598520,-0.294607,0.091364,0.055243,0.145622,-0.732366,0.625761,0.081580,-0.528119,-0.145872,-0.059747,-0.906774,0.311435,0.206389,0.357348,0.352817,0.273133,0.231102,0.478938,0.352844,0.174650,0.363608,0.291294,0.182360,0.153059,0.261150,0.066892,0.515885,0.392214,0.153784,0.216138,0.204252,0.339685,-0.013483
0.182636,0.053324,0.148232,-0.429668,0.149335,0.408161,-0.401286,-0.061046,0.031292,0.052105,0.069581,-0.529608,0.551256,-0.151557,-0.250720,-0.098711,-0.153613,-0.494651,0.249709,-0.022444,0.182522,0.300792,-0.004231,0.141798,0.364127,0.201710,-0.035138,0.219014,0.119148,0.134503,0.012381,0.071540,0.212010,0.189878,0.193149,0.070276,0.278090,0.232464,0.321709,0.037512
0.290837,0.104825,0.305675,-0.912135,0.091549,0.114583,-0.562379,-0.097975,-0.223666,0.109120,0.066240,-0.373410,0.411593,-0.239306,-0.660767,-0.263685,-0.038950,-0.730014,0.365553,-0.021410,0.394059,0.421093,0.229853,0.343370,0.210729,0.356639,-0.004053,0.171533,0.271812,0.014052,0.081651,0.128188,0.181648,0.464479,0.201625,0.187132,0.332941,0.210395,0.263174,0.138163
0.110969,0.048867,0.256357,-0.882506,-0.135238,0.524709,-0.552734,-0.186858,-0.009549,-0.065464,0.055723,-0.578467,0.507823,-0.082233,-0.517831,-0.235318,-0.213096,-0.682049,0.206361,-0.145794,0.227330,0.349497,0.346646,0.232454,0.380538,0.360694,0.005464,0.143093,0.334646,0.066576,0.256157,0.143735,0.053094,0.486801,0.291843,0.107091,0.348597,0.105907,0.514384,0.117102
0.301251,0.186278,0.385692,-1.078167,-0.243638,0.928230,-0.728495,-0.312018,0.007069,0.156135,-0.057200,-0.988466,0.764590,0.097286,-0.828147,-0.270506,-0.208920,-1.072164,0.302273,-0.060963,0.369268,0.552466,0.376952,0.390589,0.355972,0.385361,-0.025814,0.381270,0.339201,0.067482,0.178020,-0.038226,0.072926,0.426703,0.326591,0.252542,0.418060,0.132677,0.426536,0.297482
0.197831,-0.098979,0.290627,-0.715084,0.012912,0.327096,-0.229706,-0.152054,-0.133986,0.116725,0.178341,-0.326358,0.359254,-0.047638,-0.504048,-0.189666,-0.228719,-0.647109,0.347083,0.149256,0.140800,0.246654,0.368171,0.025977,0.258223,-0.018736,0.074074,0.322466,0.277292,0.160779,0.011587,0.004783,0.019317,0.329357,0.071505,0.163523,0.180760,0.050277,0.361976,0.003094
0.455528,0.154303,0.545568,-0.805144,-0.103233,0.493087,-0.546066,-0.033060,0.304533,0.172859,0.198937,-0.925740,0.731606,-0.117850,-0.610172,-0.275179,-0.269500,-0.873902,0.371157,0.116241,0.462695,0.359752,0.286932,0.067088,0.514067,0.240267,-0.057166,0.250577,0.346160,0.383126,0.085909,-0.030783,0.162000,0.352970,0.389668,0.168321,0.156897,0.118722,0.186068,0.077371
0.262750,-0.070192,0.314175,-0.391495,0.035985,0.380638,-0.332462,-0.015113,0.041251,0.132348,0.059273,-0.508911,0.496240,-0.090396,-0.295975,-0.078229,-0.098382,-0.531790,0.150004,0.108227,0.307564,0.233515,0.066281,0.151758,0.285251,0.160017,-0.015700,0.170409,0.234305,0.075543,0.037360,0.013933,0.180798,0.214665,0.149454,0.066538,0.253107,0.142838,0.193299,0.054807
0.353249,0.047634,0.343309,-0.831388,-0.057458,0.682328,-0.775295,-0.262934,0.146058,0.116918,-0.043786,-0.557048,0.625396,0.030098,-0.436544,-0.162240,-0.166036,-0.943342,0.246216,-0.051674,0.198110,0.384671,0.186479,0.354771,0.234250,0.389906,-0.112834,0.263870,0.237513,0.263375,0.201133,0.103278,0.169078,0.396535,0.309484,0.175446,0.417484,0.147493,0.424111,0.155134
0.059889,-0.086112,0.233556,-0.245480,-0.001590,0.257065,-0.139683,0.000468,0.041490,0.091459,0.138981,-0.339221,0.307795,-0.113010,-0.260227,-0.094336,-0.193024,-0.440967,0.197948,0.080556,0.207854,0.130684,0.100599,0.038769,0.221400,0.052523,-0.023616,0.075693,0.197396,0.102387,0.087006,0.040684,0.085138,0.171075,0.053898,0.158860,0.280704,0.164148,0.189745,0.022367
0.166791,-0.057746,0.345915,-0.514512,-0.066339,0.400765,-0.203585,-0.040995,0.084910,0.157517,0.138065,-0.480565,0.526886,-0.194751,-0.268349,-0.151052,-0.172853,-0.746328,0.324713,-0.009286,0.263573,0.336901,0.060587,0.066906,0.383699,0.178462,0.010177,0.301685,0.258915,0.143158,0.102376,-0.057202,0.143602,0.216671,0.209474,0.276407,0.302209,0.250264,0.267315,0.096634
0.533113,0.096998,0.310770,-0.849217,0.018836,0.476472,-0.570219,-0.077402,0.048767,0.092210,0.317289,-0.689344,0.535286,-0.045471,-0.393950,-0.015965,-0.091193,-0.827857,0.265002,0.121854,0.448017,0.344559,0.326652,0.274061,0.191899,0.167973,0.009043,0.204986,0.344718,0.153429,-0.039418,0.155567,0.232127,0.335383,0.295763,0.089210,0.288566,0.179861,0.444674,-0.048807
0.330571,-0.064991,0.180538,-1.091297,0.024089,0.517158,-0.648514,-0.218255,-0.114957,0.150610,0.242208,-0.828611,0.939114,-0.172041,-0.618818,-0.393807,-0.293129,-0.784737,0.375678,-0.011059,0.429878,0.421736,0.221966,0.089187,0.345847,0.258213,0.014007,0.301312,0.329171,0.164747,0.205510,-0.003864,0.438786,0.444972,0.432637,0.295408,0.272000,0.322114,0.487114,0.103790
0.629828,0.533824,0.506738,-1.435687,0.008632,1.051094,-1.439095,-0.022212,0.013612,0.597024,0.079411,-1.491313,1.522034,0.124059,-0.763654,-0.240235,-0.463834,-1.283883,0.710459,-0.215748,0.678101,0.550517,0.586891,0.234017,0.745215,0.706161,0.295319,0.565565,0.288050,0.394052,0.203597,0.027132,0.329139,0.727600,0.655264,0.182362,0.661746,0.182737,0.923680,-0.050235
-0.013820,0.032024,0.373798,-0.756717,-0.180034,0.681247,-0.739551,-0.110493,0.039220,-0.013797,0.124931,-0.894105,0.725397,-0.219431,-0.489478,-0.326812,-0.183054,-0.795403,0.502172,-0.199282,0.212116,0.532252,0.336481,0.122094,0.550242,0.579768,-0.001620,0.219860,0.233357,0.113662,0.220244,0.064068,0.137906,0.606310,0.285495,0.311265,0.244076,0.195537,0.585396,0.261961
0.276964,0.053021,0.226231,-0.516663,0.136907,0.366985,-0.226134,-0.006749,-0.087294,0.060717,-0.031146,-0.280013,0.488440,-0.248878,-0.255140,-0.097427,-0.013850,-0.647439,0.211390,-0.019863,0.240907,0.339913,0.037542,0.210879,0.229829,0.167245,0.038592,0.370125,0.189173,0.046948,0.241570,0.070875,0.300967,0.192105,0.353264,0.232824,0.339012,0.244068,0.205021,0.160223
0.264922,-0.034735,0.344176,-0.510888,0.048375,0.379168,-0.243173,-0.166440,0.106113,0.112136,0.024789,-0.438547,0.474295,-0.125963,-0.301706,-0.086212,-0.066071,-0.707298,0.166003,0.022326,0.238369,0.188751,0.152519,0.142479,0.345938,0.147121,-0.009049,0.193264,0.221864,0.233237,0.062628,0.042069,0.199196,0.170128,0.227716,0.168451,0.268586,0.119726,0.283640,0.057586
0.323305,-0.110781,0.277482,-0.742263,-0.010177,0.446999,-0.499332,-0.146362,-0.118679,0.120883,0.251519,-0.669952,0.650160,-0.182652,-0.532786,-0.312791,-0.269484,-0.718513,0.332620,0.076317,0.370567,0.374530,0.361574,0.074612,0.258112,0.038020,0.019760,0.203583,0.303482,0.190116,0.109542,0.089636,0.253347,0.249261,0.131841,0.262344,0.293278,0.171960,0.422010,0.048627
0.292398,-0.033419,0.275962,-0.643125,-0.019733,0.353901,-0.177612,-0.148685,0.072409,-0.005793,0.192015,-0.363988,0.585320,-0.146439,-0.410358,-0.275558,-0.069166,-0.724517,0.323092,0.107798,0.279578,0.224570,0.276107,0.061862,0.301585,0.116865,0.090337,0.254097,0.290546,0.193307,0.213031,0.175555,0.159013,0.244461,0.174242,0.250983,0.323374,0.116676,0.318712,0.089459
0.075212,0.115968,0.154687,-0.429998,0.085384,0.300996,-0.317344,-0.048072,0.016687,-0.027620,0.016567,-0.372204,0.373585,-0.084395,-0.238120,-0.039213,-0.122455,-0.468787,0.306148,-0.041630,0.112152,0.265431,0.143333,0.063564,0.301762,0.123906,-0.066346,0.261311,0.151721,0.080108,0.117941,0.099629,0.107892,0.288071,0.123877,0.081047,0.301499,0.086147,0.224718,0.103467
0.196040,0.081963,0.120920,-0.497286,0.030726,0.332910,-0.222527,-0.066603,-0.066544,0.133883,0.142162,-0.333971,0.328813,-0.054722,-0.355903,-0.090718,-0.174098,-0.459818,0.252613,0.050340,0.136164,0.233578,0.256264,0.090802,0.139968,0.041079,-0.001789,0.344047,0.203159,0.065661,-0.017413,0.142936,-0.020009,0.329219,0.147007,-0.006290,0.286060,0.116233,0.260082,0.045879
0.274519,0.014892,0.475587,-0.948579,0.186003,0.959876,-0.940793,-0.026151,0.209614,0.212388,0.081288,-0.959033,1.303748,-0.175738,-0.444107,-0.325609,-0.332332,-1.219733,0.384775,-0.167034,0.506982,0.378503,0.242283,0.410294,0.758045,0.373460,0.091388,0.359467,0.443963,0.329480,0.287788,0.012019,0.464426,0.461996,0.670611,0.246206,0.389941,0.057593,0.631909,0.097071
0.128135,-0.008747,0.162286,-0.690489,0.054298,0.458353,-0.296177,-0.081872,-0.147218,0.161090,-0.016896,-0.403310,0.377158,0.028855,-0.525195,-0.179123,-0.195877,-0.670291,0.338823,0.081343,0.213811,0.434635,0.338915,0.216191,0.325176,0.167943,-0.020399,0.339211,0.296054,0.050574,0.091740,0.134082,0.076818,0.165020,0.052005,0.145251,0.345731,-0.003661,0.429733,0.075756
0.146014,0.046727,0.242560,-1.006818,0.056750,0.582458,-0.445426,-0.169145,-0.166051,0.002404,-0.252564,-0.392025,0.521829,0.037521,-0.735822,-0.152276,-0.282012,-1.070361,0.261396,-0.070054,0.270799,0.476111,0.546266,0.214635,0.290879,0.232583,0.012048,0.469544,0.391747,0.193399,0.192732,-0.001089,0.007826,0.513694,0.301383,0.396796,0.538044,-0.082166,0.482000,0.175429
0.403055,-0.030755,0.334065,-0.789647,-0.061421,0.444995,-0.409627,-0.174673,-0.081217,0.160662,0.139611,-0.696881,0.513094,-0.177667,-0.499168,-0.303326,-0.053487,-0.889147,0.354849,0.076345,0.423357,0.522739,0.398563,0.171325,0.405706,0.169235,0.017190,0.148849,0.377141,0.222408,0.080770,0.118801,0.070474,0.319854,0.160589,0.267177,0.229319,0.163519,0.422173,0.118858
0.165211,-0.175445,0.319543,-0.888148,-0.026670,0.410748,-0.417342,-0.087858,-0.033504,0.016924,0.145727,-0.505945,0.569634,-0.176548,-0.454676,-0.225251,-0.364409,-0.760573,0.403561,0.034491,0.272714,0.392220,0.312624,0.034679,0.247554,0.038989,0.077199,0.242654,0.312262,0.137801,0.086802,-0.032897,0.237528,0.253221,0.007489,0.196987,0.438656,0.231863,0.378172,0.111415
0.237784,-0.087514,0.385513,-0.817086,-0.094601,0.551525,-0.594464,-0.051863,0.007401,0.083526,0.250534,-0.736973,0.566012,-0.217049,-0.420848,-0.150864,-0.236622,-0.883418,0.272958,0.025113,0.564465,0.299433,0.366492,0.345910,0.385556,0.219077,-0.056745,0.136351,0.329657,0.168585,0.173249,0.069472,0.180914,0.363054,0.164870,0.221106,0.396935,0.191036,0.519416,0.017820
0.278239,0.043392,0.307512,-0.674697,0.051189,0.340835,-0.442110,-0.086748,0.062920,-0.005883,0.170490,-0.470017,0.421552,-0.254479,-0.414879,-0.085376,-0.174069,-0.692696,0.222786,-0.045347,0.360762,0.357423,0.263963,0.224861,0.282696,0.092206,-0.023435,0.162159,0.226294,0.252892,0.102708,0.034198,0.212037,0.296600,0.212235,0.128658,0.323079,0.111551,0.425932,0.062123
0.317478,0.069187,0.359843,-0.829416,-0.083053,0.573873,-0.614185,-0.193839,-0.226721,0.042697,0.078694,-0.531518,0.666654,-0.174934,-0.641641,-0.372435,-0.183350,-1.042503,0.349331,-0.076944,0.331281,0.624377,0.379524,0.252373,0.140674,0.195985,0.013680,0.331604,0.427452,0.238273,0.067587,0.056531,0.043919,0.394053,0.219990,0.299911,0.414671,0.132915,0.580378,0.269596
0.233432,0.015559,0.215083,-0.397811,0.041348,0.401734,-0.240342,-0.052397,-0.194303,0.120076,0.287231,-0.372655,0.398918,-0.184693,-0.409564,-0.062575,-0.129199,-0.454917,0.069818,0.226209,0.292182,0.264289,0.194132,0.103700,0.060799,0.015070,-0.051696,0.075096,0.230347,0.182663,-0.090175,0.109203,0.143778,0.294418,0.155694,0.052722,0.243768,0.120042,0.202137,0.047374
0.117584,-0.072404,0.337096,-0.416638,0.056941,0.324086,-0.232562,-0.053097,0.110648,0.076717,-0.010158,-0.377447,0.366828,-0.168459,-0.201047,-0.064077,-0.071363,-0.678810,0.197745,0.031121,0.284100,0.101957,0.006484,0.117917,0.427259,0.134407,-0.023406,0.093500,0.168632,0.111274,0.116222,0.029380,0.160878,0.187604,0.219014,0.229569,0.249209,0.126493,0.159517,0.024932
0.193748,-0.049472,0.265182,-0.448607,-0.005497,0.420200,-0.414883,-0.041157,0.056318,0.164259,0.072379,-0.540501,0.497821,-0.125028,-0.265345,-0.138701,-0.204912,-0.522981,0.199243,0.037826,0.259959,0.216683,0.054793,0.159912,0.318426,0.166683,-0.058599,0.281236,0.191774,0.080000,0.066304,-0.022458,0.094929,0.203642,0.166724,0.080454,0.263864,0.241947,0.234626,0.065651
0.306077,-0.107031,0.276586,-0.572241,0.056379,0.280066,-0.490826,-0.028201,-0.071492,0.148370,0.091596,-0.601291,0.439841,-0.224631,-0.450492,-0.149679,0.006391,-0.650128,0.183800,0.117090,0.357771,0.370534,0.256478,0.231434,0.372932,0.307798,-0.030349,0.110698,0.239125,0.152374,0.061341,0.127226,0.210689,0.266560,0.207479,0.180282,0.359229,0.186843,0.389295,0.047690
0.608794,0.208723,0.261090,-1.095584,-0.108006,0.584445,-0.809570,-0.186315,-0.040950,0.126208,0.420037,-0.847851,1.224776,-0.395397,-0.533568,-0.626405,-0.177795,-1.017036,0.467847,-0.104606,0.512958,0.506221,0.423167,0.154077,0.297681,0.400038,0.023059,0.130686,0.348307,0.225910,0.232957,0.276780,0.375401,0.624186,0.522682,0.415585,0.172922,0.277923,0.734595,0.251733
0.476116,0.377444,0.362922,-2.048400,-0.138006,1.952835,-1.506174,-0.566611,-0.230661,0.567181,0.010811,-1.824738,2.152155,-0.067592,-1.139259,-0.878645,-1.143736,-2.332347,0.640844,-0.257435,0.700536,0.895835,0.899394,0.360581,0.814403,0.218977,-0.068073,0.453662,0.576312,0.352771,0.589840,0.236946,0.406813,0.896176,0.634360,0.260115,0.744542,-0.023490,1.465499,0.154210
0.161224,-0.029645,0.252262,-0.440664,0.059209,0.430058,-0.323355,-0.058643,0.114138,0.081716,0.000807,-0.524894,0.541705,-0.206713,-0.196688,-0.114595,-0.128296,-0.630837,0.224710,-0.032502,0.210302,0.260401,-0.011014,0.173869,0.413846,0.174826,-0.009535,0.215758,0.150066,0.174689,0.080091,-0.020525,0.203731,0.154103,0.237673,0.166005,0.264565,0.195176,0.230841,0.091277
0.254999,0.092452,0.323230,-0.608475,0.136867,0.328800,-0.250546,-0.064004,-0.024584,0.105256,0.006754,-0.431914,0.610575,-0.318522,-0.334646,-0.213427,-0.033840,-0.757562,0.259676,-0.065858,0.263073,0.300423,0.063409,0.148052,0.310236,0.159311,0.055065,0.364964,0.200261,0.120536,0.024646,0.039096,0.234227,0.268522,0.326053,0.221970,0.258204,0.323861,0.277826,0.172336
0.403945,0.346159,0.558049,-1.261410,0.096385,1.065705,-1.236089,-0.365728,-0.280001,0.305640,-0.185778,-1.176986,1.259668,0.045434,-1.027380,-0.061411,-0.531645,-2.017724,0.913229,-0.371947,0.780376,0.773732,0.462992,0.148583,0.850705,0.499340,0.046720,0.500792,0.421647,0.490918,0.354874,0.001274,0.133306,0.670194,0.220990,0.333811,0.721051,0.202859,1.482351,0.145525
0.317925,-0.077632,0.141423,-0.658288,0.074738,0.126358,-0.375492,-0.258866,-0.173127,0.103087,0.080010,-0.248356,0.465667,-0.136992,-0.537031,-0.191513,-0.135190,-0.569146,0.182041,0.124836,0.311291,0.293475,0.413701,0.115453,0.267758,0.180062,-0.052949,0.187698,0.253898,0.219386,0.065483,0.244186,0.120003,0.258686,0.192966,0.211601,0.251317,0.038945,0.258153,0.131024
0.332289,0.059213,0.190129,-0.797390,0.031849,0.490569,-0.329718,0.059496,-0.075691,0.170878,0.355416,-0.515322,0.596371,-0.266757,-0.348525,-0.042477,-0.273451,-0.579479,0.246551,-0.008650,0.252738,0.222718,0.084267,0.261399,0.067793,0.139696,0.092333,0.186032,0.316608,-0.025623,0.047006,0.182852,0.176089,0.393233,0.229711,0.067890,0.346884,0.236369,0.309537,0.142521
0.361637,0.038417,0.698469,-1.259701,-0.014737,0.554954,-0.882125,-0.137505,0.223373,0.067511,0.370190,-0.723931,0.939345,-0.397148,-0.649524,-0.373177,-0.672458,-1.086538,0.751431,-0.109854,0.504876,0.506407,0.468465,-0.078037,0.728342,0.295857,-0.106263,0.122214,0.221464,0.241166,0.274870,0.035283,0.231071,0.755336,0.427521,0.155769,0.108450,0.237679,0.490911,0.385870
0.213420,0.163666,0.350702,-0.903303,-0.069850,0.383327,-0.423190,-0.142695,0.104860,0.053771,0.118356,-0.552861,0.698978,-0.182004,-0.398168,-0.151612,-0.105607,-1.039040,0.372169,-0.098885,0.388639,0.509896,0.261102,0.135700,0.403823,0.313432,0.099194,0.224750,0.353310,0.276705,0.127855,-0.006590,0.146650,0.453486,0.265940,0.241237,0.125606,0.137111,0.405429,0.132300
0.404793,0.425797,0.404610,-1.142665,0.095533,0.687853,-1.166380,-0.096696,0.123084,0.369365,0.088742,-0.975903,0.854770,0.132852,-0.305356,-0.029313,-0.040908,-1.039789,0.547491,-0.251448,0.433891,0.290716,0.272962,0.088060,0.801717,0.714230,0.091780,0.351007,0.204664,0.365073,0.255540,-0.033504,0.218521,0.504201,0.593889,0.123334,0.591076,0.269571,0.517753,0.012939
0.354876,0.303590,0.238610,-1.143790,0.153094,0.550376,-0.787281,-0.075450,-0.005132,0.147627,0.095335,-0.724391,0.609824,-0.222111,-0.915248,-0.240664,-0.113253,-1.111773,0.515630,-0.172108,0.393829,0.518117,0.379937,0.389785,0.312966,0.465742,-0.027718,0.422950,0.118443,0.167336,0.249661,-0.111183,0.169249,0.521168,0.511481,0.336674,0.487180,0.250130,0.329728,0.126064
0.268532,0.106860,0.152324,-0.798012,-0.057075,0.426124,-0.381533,-0.031841,-0.137108,0.148237,0.125796,-0.407861,0.374713,-0.079591,-0.515640,-0.103476,-0.210406,-0.568748,0.237620,0.028558,0.263581,0.296677,0.334502,0.282363,0.170821,0.136858,0.069633,0.254544,0.300983,0.088786,0.091343,0.191437,0.029104,0.424150,0.180993,0.057281,0.335365,0.093540,0.315215,0.005214
0.380274,-0.023151,0.281372,-0.778528,-0.044551,0.399962,-0.377926,-0.092681,-0.165939,0.115571,0.287785,-0.538149,0.573499,-0.221688,-0.476234,-0.263863,-0.164956,-0.784660,0.334764,0.069957,0.387547,0.448133,0.314148,0.132490,0.158350,0.037826,0.014742,0.239126,0.430312,0.189345,0.044695,0.046665,0.222228,0.266099,0.166600,0.225098,0.340523,0.212666,0.429725,0.020538
0.153237,-0.127634,0.394207,-0.514047,0.104637,0.457787,-0.284480,-0.070982,0.040886,0.103014,0.250498,-0.557796,0.671145,-0.309760,-0.330797,-0.283346,-0.090105,-0.760322,0.351825,0.023237,0.284921,0.248626,0.125277,0.051289,0.269854,0.138687,0.021082,0.129562,0.235579,0.129626,0.240405,0.224158,0.247692,0.270238,0.192163,0.266366,0.332333,0.182468,0.348337,0.132012
0.288503,-0.065438,0.256790,-0.476551,0.089335,0.388583,-0.320935,-0.092081,-0.051888,0.155111,0.024831,-0.507531,0.567884,-0.175667,-0.354076,-0.182044,-0.085174,-0.607461,0.249712,0.038490,0.290798,0.301545,0.106640,0.144846,0.327068,0.111911,0.009123,0.183076,0.245409,0.222918,0.056893,0.056648,0.300168,0.144418,0.215339,0.236393,0.207906,0.181014,0.315659,0.107467
0.040764,0.002044,0.316518,-0.989919,0.032570,0.231105,-0.591418,-0.165714,-0.113070,0.042127,0.015752,-0.363274,0.508318,-0.117086,-0.500298,-0.223642,-0.243530,-0.662832,0.359951,0.041617,0.302227,0.328528,0.133515,0.228410,0.335692,0.125586,0.155256,0.265239,0.176398,0.044407,0.299874,0.189058,0.171520,0.464290,0.213234,0.162644,0.312942,0.158758,0.379880,0.008720
0.171998,-0.001994,0.267244,-0.722048,0.024792,0.414360,-0.279073,-0.142712,-0.125235,-0.083891,-0.007933,-0.407705,0.642972,-0.045295,-0.424331,-0.129496,-0.285625,-0.803548,0.203291,0.045053,0.302406,0.249321,0.191954,0.183848,0.390382,0.134403,0.215074,0.251574,0.307217,0.189150,0.082567,0.014886,0.144586,0.365019,0.352099,0.243214,0.287097,0.114467,0.416939,0.126093
0.182855,-0.102385,0.318490,-0.325539,0.087483,0.359515,-0.160703,-0.023702,-0.060009,0.007670,0.075568,-0.308662,0.478316,-0.220368,-0.274027,-0.189017,-0.182887,-0.585286,0.208184,0.059300,0.187240,0.234175,0.108013,0.079452,0.290849,0.153884,-0.043880,0.169240,0.232972,0.094417,0.137113,0.009343,0.098069,0.259685,0.237586,0.126478,0.286156,0.064511,0.341837,0.122737
1.607510,0.929250,4.074944,-9.812653,-2.483287,4.666741,-5.033072,-3.174920,-0.456552,0.050976,0.650913,-4.974710,5.551566,-1.482541,-3.821443,-4.325845,-3.524717,-10.332115,3.345631,-1.841953,4.365146,1.040029,2.560045,-0.458444,1.591278,-0.769472,-2.830873,1.983359,2.274339,-1.074748,0.531634,-1.151175,0.782557,3.644933,3.361896,2.683437,2.354316,-0.915268,1.394256,1.573153
0.259496,0.083375,0.352483,-1.025368,-0.088621,0.670798,-0.548008,-0.443748,-0.047730,0.016906,0.181756,-0.799251,0.859984,-0.090091,-0.766291,-0.395749,-0.190016,-1.052718,0.341170,-0.025173,0.377223,0.452304,0.363701,0.197410,0.307726,0.369753,0.195506,0.301247,0.223072,0.182350,0.333739,0.089177,0.058576,0.542101,0.401661,0.400470,0.108012,0.164627,0.393435,0.172419
0.641235,0.172816,0.375445,-1.515196,0.067707,1.277925,-0.926238,-0.321313,-0.243296,0.604495,0.267407,-1.257205,1.502378,-0.232549,-0.932806,-0.381294,-0.735843,-1.654446,0.563266,0.102528,0.668166,0.555249,0.581506,0.241412,0.424847,0.334467,-0.238117,0.259206,0.300950,0.328022,0.329200,0.138993,0.574517,0.679993,0.473817,0.240316,0.709145,0.203694,0.853042,-0.053262
0.250594,-0.107480,0.399339,-0.985887,-0.012185,0.555421,-0.622095,-0.266771,0.041820,-0.071299,0.294710,-0.790101,0.928649,-0.265805,-0.517237,-0.263137,-0.215547,-0.931195,0.381312,0.129030,0.285256,0.361712,0.200042,0.159265,0.432204,0.299271,0.221390,0.219535,0.229917,0.234151,0.297514,0.257595,0.236697,0.585998,0.263059,0.259186,0.202862,0.211868,0.416678,-0.004968
0.245389,0.027789,0.313529,-0.593399,0.111572,0.306750,-0.389313,-0.118959,0.148897,0.073109,-0.036152,-0.382538,0.353732,-0.134256,-0.222658,0.017935,-0.070542,-0.721025,0.177541,0.021824,0.308244,0.174239,0.119562,0.207540,0.394733,0.229069,0.040754,0.253811,0.234174,0.129548,0.181542,0.000697,0.188896,0.275073,0.305726,0.082358,0.260789,0.109338,0.287481,0.023159
0.213669,0.037280,0.206294,-0.308818,0.083457,0.291526,-0.186857,-0.030811,0.043105,0.087476,0.016616,-0.282064,0.360340,-0.049615,-0.232054,-0.047775,-0.063591,-0.446973,0.175075,0.048414,0.160419,0.215277,0.059211,0.077966,0.248740,0.117708,0.018883,0.267822,0.179862,0.078112,0.060885,0.077180,0.111112,0.202069,0.204013,0.073262,0.277321,0.130079,0.184111,0.040556
0.177341,-0.065207,0.260592,-0.500177,0.032552,0.412758,-0.239513,-0.025580,0.014651,0.082713,0.121433,-0.371607,0.496492,-0.166677,-0.336315,-0.165123,-0.074296,-0.593593,0.201339,0.037012,0.269498,0.283693,0.172961,0.153849,0.215233,0.204867,0.006838,0.144413,0.292595,0.114027,0.077845,0.129305,0.198523,0.141194,0.091621,0.148754,0.314299,0.082118,0.275444,0.091130
0.161817,-0.071124,0.345843,-0.827010,-0.094434,0.430730,-0.440457,-0.159296,0.113934,0.115077,0.294693,-0.715569,0.702448,-0.203939,-0.521201,-0.304677,-0.308847,-0.823171,0.362141,0.035995,0.331880,0.343604,0.204788,0.071026,0.395411,0.147583,0.127467,0.268608,0.282798,0.246488,0.191737,0.050978,0.180828,0.339148,0.259607,0.203082,0.249907,0.225605,0.366791,0.024782
0.164389,-0.113592,0.502649,-0.927731,-0.151624,0.617841,-0.634998,-0.237719,0.135229,0.139761,0.270808,-1.024512,0.764771,-0.294758,-0.615694,-0.410679,-0.393118,-1.091189,0.467123,-0.022025,0.381299,0.470704,0.350581,0.140990,0.583896,0.271604,0.153896,0.315080,0.300443,0.222449,0.233649,0.059742,0.166245,0.400316,0.405300,0.237460,0.244035,0.269162,0.414893,0.080063
0.416236,0.072908,0.561570,-1.105176,-0.099485,0.639170,-0.554623,-0.290938,0.186341,-0.001080,-0.103711,-0.650247,0.961267,0.089680,-0.637787,-0.305276,-0.257030,-1.242291,0.209946,-0.059519,0.486859,0.246670,0.289608,0.220597,0.381704,0.154981,-0.082946,0.369814,0.361836,0.267861,0.227815,0.025867,0.150485,0.403721,0.382871,0.346871,0.380456,-0.047400,0.433882,0.230341
0.080844,0.136044,0.525572,-0.959996,0.082637,0.621852,-0.815357,-0.131176,-0.017011,-0.122185,0.268636,-0.706475,0.877262,-0.334152,-0.644016,-0.424981,-0.466897,-0.829227,0.247998,-0.137329,0.248122,0.352356,0.343942,0.049800,0.708379,0.304785,-0.047231,0.327135,0.166035,0.062570,0.347226,0.280284,0.227227,0.671139,0.527111,0.197100,0.216527,0.031390,0.647371,0.351795
0.097824,-0.129606,0.316323,-0.494536,0.015209,0.425574,-0.263329,-0.027760,0.105558,0.093863,0.084315,-0.529551,0.534771,-0.209460,-0.276597,-0.173689,-0.198384,-0.709169,0.328809,0.081389,0.277374,0.299703,0.101628,0.156562,0.388568,0.147734,0.020406,0.200767,0.242039,0.105704,0.184286,0.084872,0.213289,0.198056,0.214848,0.204142,0.353904,0.138992,0.255065,0.141093
0.177723,0.020638,0.359471,-0.551075,-0.018170,0.231633,-0.216717,-0.060366,0.097763,0.040668,0.104795,-0.411407,0.426897,-0.225350,-0.370967,-0.077222,-0.074823,-0.699761,0.246998,-0.015055,0.316501,0.338400,0.138381,0.120821,0.262355,0.145305,0.059788,0.245080,0.301565,0.229387,0.051417,-0.017244,0.201144,0.216938,0.200581,0.180694,0.242933,0.163961,0.258691,0.056971
0.290799,-0.119423,0.417894,-0.782798,-0.069175,0.696956,-0.577021,-0.098395,-0.062488,0.164490,0.366190,-0.727055,0.641761,-0.168245,-0.524054,-0.279570,-0.307728,-0.851136,0.300610,0.050729,0.510054,0.369617,0.375989,0.255441,0.307991,0.160307,-0.121987,0.194448,0.275621,0.154576,0.120338,0.087293,0.226754,0.298884,0.083586,0.174291,0.351617,0.218971,0.478436,0.100072
0.028673,0.084907,0.276907,-0.825498,-0.184335,0.393084,-0.452672,-0.073027,-0.022078,-0.043169,0.145175,-0.421062,0.763354,-0.192149,-0.272970,-0.276105,-0.141000,-0.638411,0.308544,-0.208023,0.208830,0.312862,0.208097,-0.050940,0.265140,0.353180,-0.006243,0.140246,0.333294,-0.015489,0.347489,0.162916,0.150542,0.473450,0.205158,0.316347,0.216665,0.163383,0.427923,0.188215
0.347860,0.068227,0.631004,-1.106306,-0.066741,0.470421,-0.708666,-0.046169,0.112858,0.319376,0.265909,-0.667742,0.795013,-0.444611,-0.474916,-0.358468,-0.290571,-0.942979,0.698710,-0.156594,0.471119,0.410111,0.448763,0.040295,0.631455,0.426038,-0.139775,0.340708,0.358675,0.076571,0.127820,0.184131,0.203198,0.716700,0.398561,0.256579,0.392431,0.128061,0.483730,0.364728
0.207446,-0.049190,0.317304,-0.914891,-0.138173,0.567645,-0.620885,-0.206823,-0.137510,0.206090,0.080224,-0.763273,0.638045,-0.090795,-0.541857,-0.352662,-0.168390,-0.707712,0.417432,0.021494,0.385063,0.456860,0.105880,0.317149,0.438929,0.394105,-0.032281,0.187496,0.266709,0.031414,0.076495,0.076100,0.240172,0.265281,0.187916,0.162813,0.348776,0.226466,0.386696,0.146484
0.420328,0.005239,0.279772,-0.833238,-0.059192,0.698451,-0.702086,-0.120588,-0.018678,0.154984,0.005958,-0.483280,0.878345,-0.081428,-0.199058,-0.204309,-0.272851,-0.851590,0.458221,-0.194996,0.217228,0.434064,-0.120284,0.182641,0.404537,0.526698,-0.104457,0.042322,0.085367,0.093881,0.243299,0.110679,0.185425,0.450935,0.313819,-0.051097,0.115811,0.083919,0.281735,0.159295
0.160073,-0.135825,0.339696,-0.435896,0.001064,0.381790,-0.286996,-0.048767,-0.007466,0.065109,0.254858,-0.568630,0.514366,-0.222258,-0.406157,-0.187768,-0.170245,-0.690777,0.259492,0.124786,0.377139,0.205846,0.101577,0.182124,0.179462,0.070113,0.026023,-0.039537,0.250975,0.162014,0.132070,-0.011073,0.214100,0.202541,0.044345,0.141253,0.337246,0.109232,0.329086,0.048734
0.295927,0.102200,0.373900,-0.950110,0.023400,0.395665,-0.421855,0.016881,0.005853,-0.172207,0.248520,-0.549596,0.693060,-0.324486,-0.559219,-0.291193,-0.175891,-0.822183,0.580078,-0.012386,0.239388,0.485741,0.518434,-0.015576,0.405297,0.234971,-0.008938,0.284673,0.302302,0.003274,0.109097,0.243161,0.141113,0.562447,0.217852,0.265239,0.304212,0.070398,0.418197,0.301673
0.277557,-0.034617,0.468441,-0.990195,0.010990,0.729150,-0.647483,-0.026484,0.127664,0.132495,0.096262,-0.671108,0.659701,-0.309384,-0.646310,-0.360688,-0.429804,-0.980928,0.439161,-0.031927,0.385909,0.423042,0.530287,0.122674,0.552310,0.186032,-0.061676,0.187312,0.279890,0.375038,0.257382,0.163521,0.165767,0.441927,0.194999,0.530255,0.420320,-0.021673,0.428132,0.218507
0.159309,-0.132098,0.453433,-0.918223,-0.096766,0.421670,-0.556785,-0.184663,-0.056902,0.134409,0.100612,-0.646854,0.572185,-0.305668,-0.554251,-0.295792,-0.100714,-0.932869,0.393682,-0.025713,0.403798,0.521669,0.358694,0.171795,0.432800,0.366471,0.067813,0.118546,0.340073,0.149053,0.260925,0.128723,0.065704,0.447332,0.162386,0.337912,0.296202,0.128918,0.401065,0.186246
0.465426,0.008829,0.615915,-0.634510,0.005060,0.644364,-0.578104,0.089749,0.313427,0.232286,0.405746,-1.080030,0.841512,-0.511866,-0.379235,-0.328611,-0.182960,-1.373105,0.418548,-0.039505,0.636830,0.325715,0.046511,0.288174,0.721592,0.468057,-0.143941,0.081857,0.401357,0.225446,0.147084,0.027946,0.131683,0.504243,0.403588,0.238113,0.362264,0.017092,0.433974,0.245905
0.260143,-0.058951,0.336119,-0.800840,0.016128,0.556689,-0.473640,-0.247264,-0.060908,0.184946,-0.078375,-0.608188,0.454356,0.000391,-0.503424,-0.223526,-0.060071,-0.832361,0.383498,-0.039621,0.299293,0.462979,0.245814,0.334142,0.513858,0.357313,0.048686,0.252399,0.258747,0.059570,0.176047,0.106263,0.063702,0.206039,0.270467,0.193458,0.256872,0.077571,0.392112,0.094297
0.356599,-0.099602,0.215123,-0.622544,0.077127,0.105516,-0.220669,-0.206286,-0.076617,0.136661,0.022769,-0.196718,0.345292,-0.010509,-0.473586,-0.222039,-0.016430,-0.655164,0.127129,0.106233,0.259807,0.185721,0.315975,0.120858,0.287068,0.082639,0.050067,0.182726,0.294741,0.155281,0.107030,0.117977,0.040546,0.203817,0.207281,0.200316,0.188961,0.010552,0.154941,0.042705
0.361647,0.016852,0.495373,-0.866868,0.038743,0.658054,-0.525224,-0.243121,0.121928,0.190691,0.354822,-0.722779,1.038957,-0.460767,-0.546638,-0.470189,-0.252729,-1.031432,0.388731,-0.038526,0.452733,0.280802,0.326117,0.023613,0.401119,0.201397,0.062197,0.323664,0.267666,0.184888,0.341538,0.319171,0.349921,0.538613,0.443496,0.376393,0.398465,0.238179,0.445428,0.218697
0.293686,0.038162,0.236218,-0.567463,0.051228,0.260495,-0.122021,-0.046822,-0.044918,0.105358,0.018586,-0.236765,0.466366,-0.066958,-0.350418,-0.138180,0.013398,-0.624097,0.322332,0.065124,0.197754,0.272706,0.119771,0.088949,0.304699,0.193106,-0.006179,0.319652,0.282641,0.076057,0.186915,0.095324,0.121290,0.174904,0.263813,0.224799,0.293495,0.205422,0.187857,0.086934
0.258668,-0.001856,0.604467,-1.331439,0.112253,0.520521,-0.347338,-0.287993,0.204163,-0.004677,0.112054,-0.761208,1.388290,-0.104765,-0.872748,-0.264746,-0.340233,-1.584249,0.398167,-0.228119,0.442812,0.493987,0.361929,0.084660,0.364250,0.219453,0.193978,0.392094,0.446735,0.226867,0.133125,0.023027,0.243289,0.413691,0.275422,0.593790,0.640954,0.233457,0.423282,0.403986
1.051672,0.236390,0.932228,-1.424774,0.195220,0.811458,-0.998838,-0.120388,0.049909,0.439315,0.285389,-1.405202,1.506766,-0.179196,-0.785492,-0.464529,-0.390380,-1.767438,0.726522,-0.070761,0.698982,0.523544,0.380568,0.291517,0.888499,0.608755,0.033882,0.106733,0.403787,0.621807,0.196509,0.037324,0.331722,0.718211,0.109664,0.241907,0.517462,-0.068843,0.497064,-0.275905
0.320849,0.010496,0.129409,-0.877112,-0.088603,0.562924,-0.446541,-0.074853,-0.122981,0.111569,0.203363,-0.544999,0.675215,-0.077029,-0.471986,-0.170243,-0.220369,-0.622352,0.222315,0.040221,0.315977,0.285675,0.208299,0.313909,0.186316,0.310782,0.009062,0.139072,0.307526,0.023825,0.104519,0.268004,0.141391,0.375003,0.177630,0.019864,0.368860,0.070310,0.376391,0.119365
0.211018,0.279900,0.180409,-1.003851,0.027037,0.901256,-0.693106,-0.184120,-0.104300,0.207694,0.069758,-0.891387,0.880997,-0.137095,-0.832420,-0.273429,-0.223456,-0.841166,0.237623,0.020285,0.501904,0.506517,0.502509,0.157253,0.413874,0.253733,-0.001851,0.468283,0.218595,0.139261,0.171874,0.026256,0.344555,0.448974,0.576561,0.316367,0.479582,0.248685,0.582818,0.062059
0.117944,-0.169089,0.325803,-0.603307,-0.011198,0.427013,-0.351108,-0.085913,0.048102,0.090825,0.130095,-0.540087,0.474532,-0.121336,-0.419754,-0.163856,-0.376102,-0.665214,0.292818,0.086688,0.260789,0.253250,0.254568,0.120615,0.274273,0.054195,0.005639,0.224021,0.209374,0.139637,0.079499,0.000418,0.181929,0.174180,0.065335,0.160424,0.388638,0.190710,0.317840,0.096433
0.128805,-0.139077,0.319191,-0.500728,0.014112,0.288113,-0.276774,-0.072283,0.070348,0.065713,-0.009312,-0.390579,0.310278,-0.055923,-0.363021,-0.062696,-0.308442,-0.551567,0.173992,0.050439,0.233083,0.185289,0.236844,0.132641,0.343825,0.070356,0.039158,0.242124,0.211748,0.155339,0.079652,0.034602,0.117099,0.238619,0.076452,0.142015,0.284223,0.041033,0.262594,-0.020859
0.253215,-0.151613,0.452078,-0.499850,0.008763,0.419323,-0.125291,-0.064209,0.094950,0.160781,0.123634,-0.441289,0.528568,-0.180451,-0.436001,-0.163916,-0.251479,-0.799737,0.331238,0.031321,0.247928,0.269657,0.221649,0.050982,0.374100,0.126931,-0.001541,0.300868,0.285993,0.187433,0.011930,0.113470,0.105231,0.322337,0.141861,0.226292,0.429467,0.125234,0.307143,0.126943
0.128812,-0.090208,0.269594,-0.313251,0.144203,0.258965,-0.270374,-0.100588,0.006186,-0.023710,0.065075,-0.387221,0.471406,-0.189034,-0.230465,-0.108627,-0.081040,-0.495437,0.148277,0.077945,0.208709,0.201880,-0.076545,0.112220,0.380062,0.167638,-0.085874,0.092480,0.092030,0.093005,0.070154,0.000272,0.135768,0.195436,0.212162,0.048382,0.247795,0.147602,0.212627,0.076166
0.526413,0.122043,0.736435,-0.860767,-0.149125,0.683646,-0.504044,-0.081813,0.249522,-0.001127,0.379317,-1.141693,0.894543,-0.268382,-0.471087,-0.279046,-0.266744,-1.309186,0.402170,0.044257,0.603594,0.323270,0.294937,0.181853,0.572022,0.363682,-0.013493,0.167236,0.459096,0.378014,0.015101,-0.062049,0.112380,0.420606,0.367770,0.294795,0.172966,0.064306,0.416207,0.071829
0.453546,0.094211,0.215930,-0.724531,-0.051286,0.330190,-0.391482,0.026211,-0.161663,0.156020,0.205874,-0.403613,0.368245,-0.186008,-0.527211,-0.109084,-0.078909,-0.738919,0.069267,0.048523,0.423495,0.265130,0.304461,0.302190,0.154083,0.156277,0.010459,0.119279,0.320855,0.229694,0.033406,0.207414,0.126161,0.358597,0.255406,0.040328,0.330218,0.118694,0.310785,0.024403
0.064670,-0.066789,0.244663,-0.240038,0.022272,0.255714,-0.169622,-0.027442,0.051403,0.111275,0.118300,-0.356731,0.277423,-0.068144,-0.243636,-0.064931,-0.165593,-0.397501,0.152493,0.093654,0.173460,0.095512,0.100526,0.020467,0.201475,0.046306,-0.033465,0.069497,0.155269,0.125246,-0.001170,0.048445,0.078113,0.176056,0.044586,0.138413,0.248497,0.181950,0.155641,-0.009056
0.208937,0.020181,0.501433,-0.731933,-0.061052,0.460328,-0.373885,-0.069549,-0.034418,0.234289,0.170003,-0.530834,0.504699,-0.120446,-0.499458,-0.211141,-0.267760,-0.735927,0.339292,0.113628,0.341762,0.277638,0.167048,0.122131,0.421081,0.222175,0.137916,0.387835,0.301082,0.025820,0.162821,-0.072174,0.150165,0.288831,0.233280,0.145710,0.285483,0.263068,0.339091,-0.017562
0.378772,0.053962,0.505270,-0.863119,0.021347,0.520374,-0.584480,-0.133999,0.011336,0.084805,-0.018779,-0.639675,0.549096,0.008523,-0.702066,-0.142325,-0.284985,-0.995285,0.167398,0.118457,0.438900,0.450103,0.287792,0.251629,0.216707,0.053965,0.057166,0.314759,0.179411,0.341899,0.081583,-0.040158,0.049774,0.319448,0.071743,0.307314,0.377704,-0.012428,0.404491,0.089821
0.114887,0.086809,0.226945,-0.735963,0.041650,0.397682,-0.423469,0.037508,-0.115341,0.086108,0.373978,-0.512924,0.566542,-0.261175,-0.368488,-0.253751,-0.129397,-0.546016,0.324527,-0.120919,0.182278,0.305173,0.152474,0.227345,0.141211,0.248834,0.031076,0.178195,0.225485,-0.021179,0.114119,0.175296,0.162091,0.397402,0.072651,0.123260,0.331897,0.273861,0.373294,0.200883
0.292001,-0.123539,0.380878,-0.545857,0.015948,0.570753,-0.290093,-0.055994,-0.038730,0.265526,0.250350,-0.494867,0.533948,-0.133401,-0.449878,-0.229192,-0.202212,-0.780907,0.227913,0.119654,0.344187,0.304992,0.253639,0.183581,0.201353,0.052234,-0.011735,0.231573,0.346425,0.162590,0.077982,0.088592,0.227521,0.187419,0.081587,0.123338,0.342932,0.082947,0.343983,0.093717
0.445028,-0.118904,0.457785,-1.041949,0.076025,0.660745,-0.926658,-0.290804,0.037796,0.114791,0.238424,-0.580977,0.887703,-0.147877,-0.502104,-0.414928,-0.347806,-0.936201,0.268332,0.009140,0.452214,0.352747,0.125675,0.197796,0.231500,0.235967,0.081174,0.040258,0.077436,0.181791,0.257040,0.207196,0.258036,0.621974,0.142887,0.182864,0.323772,0.188739,0.392653,0.100065
0.124325,0.080112,0.324059,-0.859581,-0.082825,0.578478,-0.657982,-0.039713,-0.004885,0.215797,0.116179,-0.777491,0.677721,-0.127526,-0.450012,-0.201278,-0.262223,-0.634550,0.325934,-0.057510,0.248922,0.251513,0.156530,0.184419,0.441803,0.329159,0.001212,0.327860,0.245371,0.038841,0.210138,-0.052875,0.141755,0.408283,0.215978,0.117251,0.527898,0.356079,0.378461,0.118301
0.237341,-0.050301,0.305928,-0.616720,0.024774,0.483339,-0.472437,-0.116821,-0.120097,0.143687,0.129674,-0.604495,0.720606,-0.291714,-0.297747,-0.294986,-0.119273,-0.666817,0.329251,0.017407,0.186647,0.403705,0.100609,0.144178,0.262887,0.297189,-0.054619,0.156210,0.262548,0.214897,-0.016547,0.184369,0.284524,0.140622,0.163753,0.243256,0.214579,0.217461,0.402432,0.206706
0.401622,0.032954,0.398306,-1.115315,0.033473,0.802901,-0.971832,-0.243151,-0.036562,0.200618,0.182108,-0.791153,1.242511,-0.197583,-0.544020,-0.358170,-0.265123,-1.194469,0.348665,-0.097573,0.500618,0.403994,0.644984,0.321737,0.500494,0.456666,-0.111136,0.316413,0.461224,0.401704,0.329818,0.179468,0.484116,0.500275,0.544319,0.334111,0.296018,0.175151,0.835822,0.142105
0.559895,0.030545,0.742085,-0.800991,-0.168505,0.785838,-0.413990,0.017490,0.303111,0.217662,0.332057,-1.079274,0.862697,-0.311347,-0.668506,-0.357968,-0.208790,-1.226526,0.307831,0.069225,0.674725,0.281816,0.282517,0.170685,0.629509,0.375836,-0.080694,0.066170,0.359812,0.381348,0.127224,0.138759,0.148538,0.402872,0.264123,0.268134,0.327583,-0.112874,0.351401,0.068189
0.132629,0.005267,0.143853,-0.354719,0.048013,0.343617,-0.285145,-0.056047,0.045587,0.079418,0.076179,-0.412622,0.408572,-0.112909,-0.246417,-0.089742,-0.179382,-0.438603,0.209333,-0.023251,0.156003,0.269518,0.076547,0.105091,0.269667,0.122090,-0.034934,0.181766,0.133680,0.152337,-0.001705,0.033270,0.149011,0.148082,0.117801,0.052313,0.291139,0.177697,0.257652,0.067590
0.147613,-0.087515,0.138310,-0.200847,0.110664,0.255452,-0.242773,-0.103587,-0.047147,-0.035407,0.081152,-0.342181,0.446919,-0.107786,-0.282263,-0.049285,-0.108785,-0.340492,0.144556,0.117573,0.139278,0.241103,-0.002456,0.065870,0.233519,0.176931,-0.077057,0.116968,0.108794,0.138204,0.001791,0.069889,0.107935,0.269137,0.174236,0.055210,0.241792,0.165224,0.178966,0.071050
0.132328,-0.087689,0.249818,-0.305378,0.078499,0.347728,-0.319834,-0.034537,0.115471,0.069371,0.012716,-0.465379,0.468560,-0.195437,-0.220504,-0.098727,-0.128108,-0.543252,0.178014,0.014288,0.231620,0.240145,-0.019392,0.198716,0.376340,0.182700,-0.037669,0.190316,0.120734,0.119896,0.106746,0.016760,0.152174,0.187065,0.187366,0.114818,0.305862,0.161146,0.209548,0.092549
0.232228,-0.041879,0.502197,-0.691420,0.015227,0.516680,-0.494350,-0.082035,-0.014539,0.204108,0.048924,-0.925683,0.533454,-0.247864,-0.657547,-0.229211,-0.202288,-0.898420,0.318967,0.077896,0.501581,0.403805,0.249437,0.282100,0.469896,0.279919,0.006468,0.215262,0.197730,0.210349,-0.002390,-0.028747,0.043037,0.251233,0.101070,0.311217,0.363435,0.090980,0.375393,0.096050
0.180328,0.093259,0.103748,-0.416394,0.082093,0.259936,-0.204920,-0.048711,-0.051120,0.051993,0.069472,-0.261677,0.373939,-0.021549,-0.258638,-0.045580,-0.042117,-0.411752,0.214368,0.082012,0.110413,0.240321,0.126196,0.094421,0.184986,0.091642,-0.037102,0.314541,0.214240,0.092208,0.033415,0.158207,0.113543,0.211792,0.177426,0.052592,0.280800,0.124039,0.196681,0.062090
0.392083,0.079306,0.495579,-1.200722,0.052039,0.609886,-0.728556,-0.079750,0.286373,0.069418,0.452312,-0.557665,0.897612,-0.407163,-0.376624,-0.175109,-0.349327,-1.046080,0.331705,-0.159447,0.540619,0.390190,0.385350,0.403059,0.511538,0.306924,-0.010874,0.205778,0.245343,0.371515,0.310516,0.094625,0.165475,0.468960,0.453902,0.266638,0.185487,0.077429,0.558685,0.324510
0.667291,0.128260,0.437697,-1.294811,-0.072803,0.668558,-0.887930,-0.241233,0.177746,0.175726,0.220682,-0.966525,0.661247,-0.183576,-0.584850,-0.208384,0.093450,-1.071781,0.548612,0.028109,0.553535,0.500545,0.320390,0.347877,0.521370,0.574239,0.093931,0.259674,0.399980,0.155501,0.077599,0.161321,0.165761,0.682291,0.367607,0.208449,0.413940,0.286713,0.493477,0.170311
0.394536,0.028736,0.224527,-1.052854,-0.048117,0.371062,-0.507795,-0.005926,-0.111355,0.042204,0.246695,-0.615038,0.745479,-0.336669,-0.394794,-0.340965,-0.171009,-0.795684,0.493769,-0.126108,0.237254,0.527263,0.238644,0.162734,0.236226,0.259268,0.039482,0.217391,0.392836,0.159124,0.092486,0.064185,0.347478,0.430327,0.241396,0.257796,0.405914,0.363780,0.433857,0.159327
0.251402,-0.055017,0.671326,-1.178987,-0.063511,0.831858,-0.424572,-0.349163,0.003669,0.034398,0.298385,-1.094251,0.924737,-0.416987,-0.853389,-0.422201,-0.394955,-1.483245,0.520174,0.109973,0.433862,0.660865,0.440460,0.245887,0.376775,0.254478,-0.111981,0.466464,0.552832,0.126514,0.139490,-0.067258,0.097822,0.390484,0.405928,0.430298,0.347781,0.138133,0.548197,0.372079
0.260968,0.182361,0.399497,-1.087574,-0.180902,0.635582,-0.686104,-0.064290,0.143903,0.164790,0.126808,-0.829417,0.921270,-0.352865,-0.613191,-0.285518,-0.191977,-1.003759,0.583788,-0.140406,0.325046,0.621685,0.421638,0.175352,0.399910,0.422676,0.124265,0.311596,0.361730,0.328715,0.116697,-0.029935,0.183039,0.591594,0.298573,0.363430,0.394822,0.212488,0.385813,0.301721
0.301937,-0.035757,0.148478,-0.625004,0.001057,0.299286,-0.333551,-0.032107,-0.120062,0.097694,0.154810,-0.354447,0.504380,-0.165254,-0.385431,-0.191831,-0.067022,-0.589839,0.177745,0.067649,0.267222,0.333628,0.238182,0.228113,0.180441,0.183094,0.050170,0.197154,0.294994,0.157081,0.041564,0.174016,0.237644,0.193974,0.098643,0.186628,0.319900,0.132117,0.325865,0.026097
0.346338,0.051843,0.347416,-1.009358,-0.079154,0.473792,-0.494179,-0.299540,-0.066582,0.073285,0.298468,-0.596411,0.725403,-0.051412,-0.682694,-0.397716,-0.227185,-0.981202,0.302392,-0.006127,0.412048,0.418909,0.436505,0.042163,0.400147,0.064671,0.144580,0.179195,0.294604,0.295131,0.297771,0.156400,-0.020116,0.556076,0.296931,0.249449,0.130009,0.060581,0.442605,-0.015825
4.871914,-0.161032,2.938020,-7.849786,0.092077,2.283149,-4.741670,-2.940358,-2.361687,0.874431,2.362641,-4.951096,7.090508,-3.254809,-4.216868,-2.132235,-2.693947,-10.094084,7.718302,-0.210099,4.012344,1.267426,0.910970,-1.295390,2.311368,3.790339,-1.241172,2.893628,1.880614,0.296251,-0.732234,1.994793,1.043836,1.644802,1.107083,1.466003,0.947918,-0.339597,2.150326,0.674884
0.282133,0.085788,0.317792,-0.536278,0.018874,0.278822,-0.130312,-0.043079,-0.031469,0.142443,0.179565,-0.352402,0.394143,-0.102235,-0.384665,-0.144830,-0.054339,-0.614575,0.219413,0.091031,0.274179,0.270796,0.209333,0.078886,0.165970,0.072639,0.094313,0.256631,0.345711,0.170141,0.000070,0.045481,0.147997,0.213913,0.158363,0.152704,0.232115,0.179387,0.265624,0.023375
0.140787,0.011470,0.127827,-0.412508,0.044511,0.264708,-0.165334,-0.029008,0.005459,0.056964,0.017045,-0.280746,0.396314,-0.063032,-0.232094,-0.102733,-0.044780,-0.478277,0.285767,0.040763,0.128322,0.272625,0.096093,0.100984,0.275891,0.120454,-0.012721,0.227361,0.242928,0.117173,0.089342,0.074276,0.163177,0.138331,0.118019,0.134057,0.267576,0.140698,0.184868,0.081978
0.511840,-0.148894,0.561498,-0.776751,0.028355,0.444552,-0.553404,-0.158849,-0.117752,0.218269,0.327129,-0.523325,0.535919,-0.363171,-0.454513,-0.229119,-0.315930,-0.987342,0.350329,0.162437,0.365942,0.179223,0.125613,0.246112,0.332161,-0.020424,0.133329,0.091044,0.129752,0.304264,0.023954,0.105729,0.072294,0.475197,-0.068018,0.084665,0.113990,0.033746,0.222794,-0.065173
0.163256,0.182957,0.303617,-1.034577,0.086283,0.755573,-0.754093,-0.350995,-0.002866,0.075150,0.196341,-0.860857,0.965572,-0.390111,-0.638507,-0.424089,-0.120587,-1.087515,0.391745,-0.048325,0.470071,0.339878,0.256860,0.216621,0.524565,0.365569,0.023121,0.355644,0.201444,0.166563,0.324849,0.029255,0.177816,0.543536,0.765459,0.506847,0.164242,0.160624,0.464707,0.193906
0.372143,-0.034459,0.297956,-0.932082,0.018072,0.597701,-0.360258,-0.072505,0.061814,0.034029,0.304189,-0.781150,0.927466,-0.321627,-0.459412,-0.322463,-0.327856,-1.055461,0.358975,-0.035134,0.381189,0.421306,0.046139,0.201611,0.337566,0.089239,0.080246,0.215600,0.355147,0.170238,0.061138,-0.086410,0.504250,0.310765,0.400669,0.340242,0.353038,0.331942,0.464387,0.147123
0.288848,0.007247,0.318786,-0.887461,0.086239,0.553872,-0.562905,-0.078051,0.085091,0.011984,0.356525,-0.641352,0.709601,-0.178693,-0.287671,-0.104348,-0.382944,-0.736755,0.288760,-0.060923,0.444406,0.232624,0.199740,0.343298,0.383781,0.074051,0.088439,0.174433,0.269662,0.141067,0.149088,0.066100,0.247654,0.379579,0.214727,0.173319,0.289560,0.169042,0.572476,-0.012462
0.151497,0.089320,0.422556,-1.013168,0.060509,0.650280,-0.627152,-0.121259,0.253224,0.044407,0.389097,-0.831683,0.889183,-0.463138,-0.393267,-0.434165,-0.121550,-1.224521,0.394062,-0.162010,0.559202,0.240651,0.399482,0.324192,0.657248,0.331610,-0.116801,0.336520,0.413328,0.301000,0.184490,-0.033386,0.230461,0.235473,0.558020,0.521416,0.310736,0.135833,0.523560,-0.002238
0.042573,0.013418,0.260340,-0.642634,0.082397,0.250746,-0.363669,-0.010122,0.013405,0.038097,-0.134916,-0.267764,0.277596,-0.070967,-0.396978,-0.037809,-0.338345,-0.544999,0.191046,0.042658,0.267163,0.224680,0.258437,0.123512,0.391709,0.118621,0.077177,0.281936,0.168231,0.122068,0.187386,0.007888,0.142367,0.370748,0.163252,0.221413,0.271172,0.079925,0.266880,-0.034713
0.186466,-0.022828,0.234614,-0.279900,0.068956,0.313755,-0.231583,-0.025185,0.097829,0.081948,0.007891,-0.356234,0.405562,-0.097047,-0.201537,-0.060914,-0.091601,-0.496558,0.152760,0.023884,0.201988,0.192762,0.008414,0.123191,0.309616,0.128396,-0.003117,0.218350,0.152079,0.085580,0.082046,0.033809,0.107347,0.186826,0.205443,0.097396,0.270067,0.139039,0.187782,0.040542
0.378600,-0.129431,0.466384,-0.578774,0.014680,0.479165,-0.416230,-0.054145,-0.049302,0.212244,0.156047,-0.690620,0.611943,-0.184082,-0.485873,-0.126571,-0.151577,-1.009696,0.090306,0.160393,0.645912,0.201759,0.313745,0.311409,0.306831,0.143212,-0.014204,0.095208,0.366809,0.201736,0.060940,0.049702,0.262847,0.286370,0.136772,0.175128,0.408247,0.075522,0.393529,-0.043215
0.180456,-0.058436,0.326698,-0.876819,-0.048332,0.568444,-0.506182,-0.227727,0.080034,0.106365,0.284886,-0.693887,0.774816,-0.092437,-0.537643,-0.253312,-0.388371,-0.796509,0.329719,-0.059435,0.326303,0.317297,0.184970,0.176552,0.291534,0.112559,0.083171,0.187286,0.227250,0.212089,0.187346,0.058110,0.171741,0.330169,0.198342,0.192505,0.223984,0.185379,0.478350,0.010420
0.278798,-0.056601,0.219536,-0.911126,-0.029386,0.317526,-0.454216,-0.179274,-0.017511,0.093445,0.079430,-0.510051,0.952184,-0.186986,-0.445814,-0.328449,-0.148793,-0.753150,0.189487,-0.001200,0.332965,0.243726,0.156943,0.170013,0.261213,0.265634,0.011331,0.115330,0.192479,0.139815,0.169148,0.135544,0.434345,0.330809,0.217168,0.312547,0.251376,0.274754,0.342087,0.172845
0.267589,0.052831,0.499287,-1.157098,0.077087,0.851766,-0.883674,-0.151180,0.080320,0.209419,0.329905,-0.942584,0.986850,-0.402780,-0.491933,-0.309063,-0.494876,-1.021641,0.416245,-0.119056,0.311289,0.297196,0.371882,0.131677,0.748066,0.469510,-0.026367,0.459668,0.258836,0.074006,0.322665,0.312128,0.353223,0.579088,0.657447,0.293242,0.499141,0.334769,0.696546,0.159586
0.277007,-0.090853,0.472935,-0.932130,-0.028767,0.754786,-0.728930,-0.300823,-0.042382,-0.003080,-0.096988,-0.818544,0.879549,-0.051731,-0.811926,-0.207262,-0.237153,-1.034125,0.036252,0.063795,0.505603,0.355952,0.342179,0.187090,0.284038,0.222981,-0.007038,0.231747,0.302002,0.206248,0.266207,-0.057215,0.314847,0.442110,0.231552,0.339064,0.418314,0.175718,0.371948,0.254311
0.462062,0.252185,0.577491,-1.064156,-0.146953,0.721554,-0.792385,-0.128208,0.152687,0.219235,0.129641,-0.849297,0.480965,-0.150404,-0.807203,-0.192863,-0.077203,-1.188871,0.450448,0.034495,0.559423,0.467090,0.529448,0.311489,0.472151,0.316415,0.062052,0.409842,0.329142,0.204183,0.087555,0.024340,0.081975,0.635114,0.434680,0.383590,0.340845,0.131965,0.442313,0.181177
0.264332,-0.018655,0.289563,-0.608467,0.046016,0.322374,-0.343325,-0.094869,-0.077798,0.058005,0.089737,-0.540095,0.512977,-0.225475,-0.342895,-0.230386,-0.194844,-0.610033,0.274191,-0.040904,0.219221,0.249185,0.152323,0.056303,0.276791,0.018419,-0.046682,0.060046,0.188302,0.266196,-0.028937,-0.001964,0.179967,0.161790,0.165167,0.221390,0.247841,0.147123,0.333443,0.136535
0.423824,0.316798,0.405774,-0.923221,-0.013652,0.702182,-0.662244,-0.135514,0.220856,0.190403,0.090028,-0.762578,0.822698,-0.482781,-0.511620,-0.307362,0.050036,-1.105435,0.721827,-0.183124,0.515704,0.371690,0.209831,0.257219,0.578232,0.426898,-0.018493,0.316616,0.288995,0.213537,0.344590,0.081121,0.063523,0.640806,0.594620,0.513377,0.156422,0.241646,0.451940,0.296115
0.120973,-0.026267,0.198104,-0.444422,0.013622,0.398532,-0.279316,-0.036028,0.068060,0.091990,0.063561,-0.473320,0.479231,-0.154612,-0.236296,-0.117551,-0.189332,-0.558957,0.283075,0.005741,0.186774,0.282576,0.081001,0.115980,0.324824,0.115508,0.000443,0.191035,0.198263,0.152287,0.026062,0.015763,0.184436,0.128425,0.145656,0.138310,0.283052,0.198299,0.250648,0.112011
0.261052,0.036102,0.164858,-0.891308,0.214694,0.581978,-0.558591,-0.119653,0.040539,0.047581,0.192127,-0.657629,0.904754,-0.166534,-0.434546,-0.110222,-0.281774,-0.661693,0.262613,0.082086,0.339428,0.163589,-0.097068,0.137513,0.415614,0.146701,0.067542,0.317504,0.139728,0.019432,0.176389,0.037464,0.309187,0.544278,0.320659,0.053357,0.333611,0.413768,0.383871,-0.003893
0.529170,-0.085174,0.462243,-0.808542,0.029646,0.371164,-0.240459,-0.240363,-0.002101,0.185711,0.088803,-0.408356,0.669349,-0.059513,-0.609699,-0.226958,0.010949,-1.045366,0.239654,0.114728,0.440836,0.318244,0.366727,0.196051,0.333982,0.156756,0.098929,0.177319,0.436383,0.216315,0.167074,0.198164,0.111087,0.300243,0.257012,0.253868,0.293101,0.064970,0.383496,0.020271
0.321394,-0.075781,0.465055,-0.819681,0.073526,0.596773,-0.482917,-0.143649,0.223554,-0.004039,0.413233,-0.708203,0.948894,-0.323915,-0.413175,-0.308448,-0.342079,-0.986343,0.313119,-0.073569,0.387108,0.237523,0.155664,0.147123,0.381153,0.088211,0.093843,0.098372,0.196858,0.146685,0.112879,0.103122,0.408419,0.388359,0.325926,0.213954,0.330142,0.245526,0.532096,0.129019
3.128084,3.062591,4.424511,-9.233576,1.853557,3.831588,-7.019857,0.415078,-3.925010,2.354532,1.457630,-7.410047,9.258534,-5.255605,-4.717340,-4.419721,-2.935086,-10.773229,9.134278,-2.415188,2.267771,1.876508,2.227673,0.132248,4.145675,2.911563,-2.498062,3.710406,1.295252,-0.785387,0.129386,2.458570,1.273312,3.820260,1.590696,1.645512,2.299541,-1.783411,5.888000,1.540667
0.096822,-0.033426,0.185817,-0.461854,0.009805,0.265110,-0.246473,-0.051350,0.037661,-0.021261,0.000462,-0.291845,0.368498,-0.068711,-0.325416,-0.100482,-0.143642,-0.454486,0.171183,0.013133,0.213834,0.220120,0.190899,0.119747,0.254643,0.151235,0.018764,0.147779,0.237697,0.088353,0.167870,0.104685,0.076415,0.218063,0.126479,0.140870,0.308485,0.028038,0.219936,0.032099
0.289278,-0.066257,0.437783,-0.706330,0.054329,0.457419,-0.534583,-0.287208,0.124741,0.142870,0.278209,-0.837852,0.693509,-0.317331,-0.472107,-0.189668,-0.248752,-0.795443,0.423678,0.042293,0.331468,0.298325,0.204976,0.128485,0.465126,0.199107,-0.061899,0.048377,0.112915,0.310840,-0.089367,0.178931,0.216811,0.429947,0.144641,0.292261,0.245930,0.336489,0.392918,0.096564
-0.013744,0.113884,0.350273,-0.834874,-0.000311,0.463986,-0.543830,-0.110674,0.050841,0.090249,-0.045275,-0.623835,0.521344,-0.124145,-0.393881,-0.170243,-0.182411,-0.739536,0.312997,-0.172925,0.321230,0.269601,0.132517,0.191222,0.505515,0.284385,0.079958,0.260814,0.212379,0.140399,0.200561,-0.049687,0.186923,0.278486,0.237991,0.265206,0.324589,0.205684,0.397830,0.048160
0.072803,0.100620,0.354682,-0.792062,-0.031570,0.315760,-0.631635,-0.144518,-0.204577,0.151195,0.068138,-0.354965,0.427524,-0.094307,-0.372634,-0.210154,-0.246445,-0.682297,0.437068,-0.160004,0.208270,0.283305,0.084719,0.228004,0.410950,0.214637,0.018208,0.173562,0.159744,0.004060,0.084894,-0.057363,-0.034693,0.419489,0.077276,0.005658,0.219713,0.118857,0.361088,0.057642
1.664708,1.991580,1.390060,-4.939538,0.033249,3.781183,-2.603193,-1.012842,-1.012072,0.293936,-0.465822,-2.838630,2.960522,0.573259,-3.282196,-0.656765,-1.685669,-5.376101,1.644330,-0.842154,1.681332,1.907556,0.737997,0.330606,1.850626,1.146819,-0.266232,0.701948,1.260564,0.373499,1.863311,-1.043953,1.145736,1.625357,0.959538,1.058441,0.219083,-0.117462,1.482168,0.235739
0.492518,0.222792,0.336623,-0.921949,-0.053685,0.460396,-0.447594,-0.054217,0.114116,0.063056,0.276565,-0.638842,0.611351,-0.180108,-0.423261,-0.168550,-0.029891,-0.893334,0.349033,0.028976,0.379145,0.372135,0.448608,0.121292,0.246759,0.163543,-0.038109,0.109254,0.379977,0.201168,-0.044576,0.213544,0.125668,0.564510,0.321968,0.051535,0.218039,0.145960,0.463341,0.095060
1.129486,0.649081,0.817791,-2.297254,-0.283382,1.595556,-1.341886,-0.186075,-0.261752,0.840817,0.562210,-1.646134,1.734212,-0.782928,-1.045133,-0.789351,-0.256217,-2.652202,0.809474,-0.342113,1.006709,0.774338,0.557990,0.204380,0.539372,0.912348,-0.071909,0.201235,0.683778,0.698854,0.429730,0.263037,0.206165,1.144229,0.636891,-0.020168,0.246556,0.060563,1.219343,0.555988
0.136597,-0.073959,0.240485,-0.681813,-0.083603,0.430207,-0.310001,-0.080691,0.010003,0.093893,0.206692,-0.496779,0.473801,-0.097575,-0.441724,-0.191687,-0.320282,-0.678066,0.414146,0.037059,0.170557,0.364286,0.217749,0.000962,0.203109,0.101519,0.011086,0.285631,0.261470,0.140863,0.039620,-0.037894,0.129882,0.217500,0.027751,0.118389,0.359170,0.223078,0.345455,0.117940
0.336633,0.081254,0.291104,-0.886209,-0.101331,0.563076,-0.460196,-0.282889,0.099754,-0.143893,0.384608,-0.735833,0.980111,-0.247264,-0.553433,-0.396287,-0.182300,-0.967260,0.403900,0.025601,0.288298,0.448905,0.294423,0.061134,0.448589,0.390622,0.052553,0.165976,0.310809,0.143122,0.250771,0.297637,0.200232,0.430906,0.355596,0.234881,0.207962,0.192411,0.491769,0.231180
0.264844,0.066078,0.299045,-0.940150,-0.122752,0.616134,-0.533906,-0.219072,-0.107317,0.194678,0.236779,-0.706430,0.532866,0.012205,-0.631399,-0.292403,-0.223476,-0.854471,0.383426,0.044930,0.331699,0.470670,0.325349,0.213628,0.364784,0.235451,0.058971,0.353065,0.295663,0.063761,0.185790,0.040509,0.098796,0.440803,0.276361,0.187132,0.203000,0.199450,0.413826,0.067028
0.288508,-0.106569,0.287677,-0.453011,0.150284,0.452622,-0.437291,-0.008610,-0.116609,0.157144,0.171392,-0.589489,0.475096,-0.254999,-0.353214,-0.148841,-0.135099,-0.540228,0.116063,0.060032,0.349871,0.204429,0.077007,0.176148,0.193496,0.065060,-0.054833,0.143930,0.215051,0.204496,-0.029242,0.115551,0.217425,0.260186,0.178562,0.136699,0.317296,0.193855,0.338305,0.115973
0.320882,-0.067993,0.384273,-0.997764,-0.015830,0.372248,-0.279645,-0.239807,-0.036106,0.150908,0.174697,-0.432534,0.529744,-0.041441,-0.587402,-0.187882,-0.212435,-1.000350,0.354927,0.014736,0.382746,0.438975,0.390896,0.216382,0.290305,0.096207,0.097586,0.292956,0.455261,0.201966,0.170782,0.111175,0.051609,0.407780,0.183613,0.207414,0.250771,0.035976,0.498631,-0.025877
0.513321,0.013056,0.281262,-0.863234,0.038034,0.485652,-0.465709,-0.152847,-0.199893,0.165144,0.186582,-0.629693,0.711169,-0.180721,-0.561932,-0.326310,-0.187870,-0.871055,0.357158,0.057736,0.420510,0.522968,0.417698,0.146656,0.229532,0.091571,-0.019054,0.206185,0.438837,0.277150,0.100884,0.092185,0.306041,0.251005,0.229010,0.366626,0.288203,0.187652,0.598963,0.076968
0.194781,-0.042675,0.298584,-0.686105,-0.046613,0.363914,-0.388738,-0.256462,0.117145,-0.056725,0.087244,-0.580605,0.728120,-0.183980,-0.342988,-0.248000,-0.097184,-0.833309,0.263457,-0.025864,0.216261,0.287948,0.152298,0.125953,0.443733,0.303656,0.027165,0.066947,0.263134,0.084383,0.226054,0.170505,0.180987,0.278605,0.300299,0.154043,0.229114,0.139989,0.325931,0.098710
0.214150,0.151149,0.340235,-0.829295,-0.060761,0.678374,-0.533959,-0.253668,-0.078203,0.047779,0.094534,-0.653020,0.582907,-0.046236,-0.646425,-0.224184,-0.289238,-0.834825,0.290322,-0.005572,0.262017,0.414475,0.389870,0.212034,0.364649,0.251800,0.077716,0.328822,0.159841,0.145747,0.161243,-0.033813,-0.080924,0.428062,0.395233,0.139864,0.157300,0.092726,0.394620,0.129225
0.383566,-0.082134,0.467449,-0.603834,0.052812,0.556309,-0.497535,-0.019763,0.109355,0.099537,0.101088,-0.613465,0.609084,-0.064239,-0.321675,-0.049200,-0.246782,-0.806894,0.183586,0.039281,0.413698,0.105278,0.124172,0.300828,0.306413,0.122396,-0.016560,0.203542,0.260799,0.130712,0.130177,-0.071306,0.130043,0.328622,0.213246,0.140046,0.321612,0.106669,0.343624,-0.015058
0.389392,0.025260,0.110152,-0.551139,0.022913,0.332366,-0.389385,-0.126251,-0.069610,0.029883,0.302668,-0.547344,0.608454,-0.209644,-0.478684,-0.260102,-0.089909,-0.491089,0.346697,0.117569,0.246913,0.358631,0.258835,0.105203,0.305634,0.254132,-0.055975,0.141325,0.234118,0.216683,-0.039263,0.208820,0.196318,0.282162,0.272124,0.214460,0.125152,0.224883,0.333754,0.119177
0.106149,0.047517,0.267224,-0.658642,0.017132,0.339937,-0.432405,0.042917,-0.059294,0.146908,0.071232,-0.541462,0.537951,-0.192483,-0.316446,-0.195016,-0.086699,-0.534470,0.367013,0.000332,0.234131,0.382063,0.130793,0.162955,0.332695,0.392480,0.020288,0.251002,0.233315,0.014038,0.117013,0.069457,0.206266,0.232708,0.094317,0.194762,0.412592,0.261640,0.306052,0.176867
0.310680,0.125838,0.577182,-0.760160,-0.018771,0.701977,-0.762546,-0.103149,0.299072,0.182498,0.052856,-1.002333,0.836276,-0.379248,-0.492146,-0.306991,-0.241524,-1.064612,0.442452,-0.138489,0.383950,0.333761,0.336034,0.253289,0.667094,0.357219,0.047304,0.416230,0.293336,0.265200,0.206120,-0.090687,0.080762,0.531528,0.609902,0.285326,0.246615,0.186116,0.334902,0.178547
0.164808,-0.075920,0.315064,-0.452379,-0.047052,0.603909,-0.505133,-0.128226,0.090934,0.115307,0.114011,-0.795826,0.720491,-0.148355,-0.332192,-0.297045,-0.248163,-0.726961,0.258191,-0.044237,0.246388,0.345266,-0.016081,0.199939,0.429837,0.335586,-0.101654,0.181836,0.198025,0.157113,0.085032,-0.047551,0.114442,0.190323,0.173771,0.070638,0.277541,0.231192,0.357995,0.116089
0.330410,0.010762,0.646346,-0.995476,-0.024800,0.766568,-0.687136,-0.242651,0.183167,0.251588,0.106015,-1.175350,1.046820,-0.216897,-0.893520,-0.378146,-0.303442,-1.052763,0.304733,0.082420,0.550869,0.422160,0.403884,0.111159,0.552354,0.300250,-0.031442,0.266984,0.234382,0.451293,0.251657,-0.006804,0.296365,0.459978,0.280585,0.364565,0.330685,0.068566,0.292460,0.093487
0.506230,0.145606,0.606613,-1.184568,-0.056406,0.566733,-0.753832,-0.389699,-0.117675,0.110322,-0.070638,-0.632108,0.710659,-0.080368,-0.744346,-0.314736,-0.140920,-1.170117,0.539270,0.035980,0.343355,0.561129,0.394348,0.307810,0.476624,0.339718,0.282043,0.224734,0.317116,0.271735,0.111837,0.007069,0.008329,0.770400,0.426965,0.355898,0.215448,0.132861,0.616290,0.224592
0.132673,-0.022535,0.222863,-0.650329,0.029559,0.243453,-0.186518,-0.001249,0.005409,0.029981,0.040018,-0.291209,0.309596,-0.127965,-0.430051,-0.129707,-0.174610,-0.604169,0.423603,0.004421,0.179829,0.373932,0.270179,-0.034619,0.280142,0.119482,0.033533,0.360321,0.294595,0.025097,0.108281,0.006731,0.119994,0.385653,0.121546,0.277186,0.267136,0.112620,0.209681,0.075488
0.133068,-0.034328,0.128073,-0.487724,0.112809,0.242745,-0.319160,-0.080046,-0.080520,-0.044678,0.101156,-0.346239,0.391466,-0.060915,-0.326092,-0.184106,-0.092862,-0.389495,0.205194,0.000070,0.089343,0.241878,0.112817,0.127157,0.244749,0.098368,-0.025019,0.144343,0.168692,0.114156,0.054013,0.131620,0.131314,0.135607,0.060159,0.071464,0.268363,0.138520,0.325158,0.121353
0.623108,0.208762,0.127935,-2.002739,-0.045138,1.242825,-1.130493,-0.326293,-0.496836,0.250533,0.486925,-1.033380,1.437683,-0.495477,-1.090660,-0.865989,-0.530911,-2.061603,0.428473,-0.089905,0.521006,0.784388,0.471268,0.314071,0.246259,0.040072,-0.221730,0.264879,0.316589,0.060550,0.391106,0.326445,0.440354,1.059912,0.402948,0.170158,0.684004,0.297472,1.093909,0.244421
0.198831,-0.088652,0.361133,-0.450668,0.143257,0.501166,-0.403641,-0.068716,0.136630,0.046101,-0.036355,-0.580249,0.633602,-0.276745,-0.325423,-0.134950,-0.179695,-0.778618,0.332967,0.007610,0.262656,0.343320,-0.055035,0.223264,0.531458,0.251601,-0.084882,0.266645,0.111337,0.161464,0.189177,0.123777,0.197099,0.301876,0.247631,0.231165,0.355575,0.165977,0.298581,0.177380
0.249995,-0.025834,0.169839,-0.598854,0.001978,0.531170,-0.421831,-0.258663,-0.042441,0.052544,0.021076,-0.484948,0.690080,0.028460,-0.334517,-0.273526,-0.193492,-0.572354,0.247017,-0.066725,0.105690,0.228450,-0.048445,0.181316,0.394540,0.221299,-0.092381,0.108037,0.093077,0.105334,0.089614,0.109479,0.087032,0.138662,0.231319,0.043635,0.192148,0.157080,0.241170,0.058594
0.316565,0.006837,0.265549,-0.492979,0.010356,0.380586,-0.165702,-0.031679,-0.016647,0.125292,0.023918,-0.150807,0.396671,-0.002972,-0.256259,-0.157983,-0.155079,-0.724393,0.264379,0.014968,0.275993,0.175351,0.049052,0.035535,0.503052,0.105471,-0.029553,0.309734,0.158976,0.008428,0.146977,0.052041,0.134083,0.296984,0.397178,0.165156,0.253574,0.073456,0.162172,0.037963
0.243974,-0.006050,0.179708,-0.527579,0.116425,0.325192,-0.328444,-0.138190,-0.009890,-0.009355,0.078925,-0.357637,0.593600,-0.167989,-0.312155,-0.185208,-0.111266,-0.541530,0.232047,0.048233,0.190664,0.246685,0.122068,0.119899,0.363608,0.139159,0.009947,0.202776,0.152755,0.151764,0.113012,0.192294,0.333523,0.198817,0.178042,0.195485,0.228832,0.147849,0.319491,0.120719
0.295549,-0.186709,0.468572,-0.811291,0.085670,0.370150,-0.283280,-0.069479,-0.020253,0.088560,-0.004174,-0.208135,0.406818,-0.092209,-0.473953,-0.273470,-0.303227,-0.888889,0.277204,0.094318,0.502158,0.216368,0.229817,0.092149,0.524585,0.140512,0.265871,0.272150,0.289390,0.029919,0.156088,0.010556,0.235901,0.457207,0.396581,0.311387,0.184170,0.069842,0.249562,-0.076904
0.529191,0.454684,0.553417,-0.990234,-0.217083,0.882225,-1.079306,-0.040831,0.201048,0.312655,0.285406,-1.364712,1.202344,-0.040372,-0.838741,-0.234845,-0.232861,-1.389386,0.401152,-0.027991,0.757152,0.469908,0.663984,0.225514,0.700177,0.561585,0.120461,0.569855,0.394651,0.603346,0.241734,0.075112,0.224280,0.583392,0.624075,0.453311,0.316316,0.084684,0.565972,0.081498
0.003057,0.121899,0.222605,-0.940067,-0.057334,0.193334,-0.505939,-0.110344,-0.144973,0.026231,0.078468,-0.366932,0.586798,-0.258659,-0.429987,-0.291059,-0.115164,-0.616411,0.417978,-0.044257,0.203809,0.293420,0.131650,0.184932,0.247006,0.292122,0.080660,0.231389,0.165256,0.009164,0.220922,0.109565,0.128930,0.465600,0.233500,0.249544,0.256246,0.220258,0.328850,0.166956
0.256065,0.038698,0.213444,-0.363852,0.134500,0.380607,-0.281797,-0.024965,0.027524,0.074222,0.024230,-0.297911,0.410570,-0.067610,-0.256839,-0.033630,-0.111655,-0.528688,0.166065,0.067819,0.178394,0.213633,0.074172,0.099778,0.278463,0.153422,-0.003482,0.285955,0.190393,0.057412,0.078572,0.117584,0.114046,0.288707,0.226876,0.032416,0.319722,0.113770,0.215613,0.037641
0.202416,0.110508,0.394985,-1.122912,-0.030693,1.022332,-0.784795,-0.313912,0.077796,0.139507,0.291518,-0.944830,1.045363,-0.356168,-0.596681,-0.465255,-0.234934,-0.948478,0.420403,-0.047192,0.379804,0.354204,0.536717,0.212953,0.536864,0.453037,-0.078468,0.152031,0.279065,0.145737,0.275330,0.131987,0.281335,0.254313,0.426460,0.461348,0.260488,0.400941,0.817697,0.087982
0.542024,-0.016230,0.502596,-0.940292,0.097574,0.386585,-0.389893,-0.102673,0.050667,0.098262,0.089583,-0.489164,0.883552,-0.072435,-0.522760,-0.081481,-0.275719,-1.081519,0.223573,0.141422,0.370533,0.131475,0.110260,0.231962,0.289909,0.110110,0.189011,0.369526,0.322224,0.244309,0.109491,0.063696,0.256866,0.306293,0.303916,0.268529,0.283798,0.126876,0.274361,0.055879
0.112110,0.178046,0.241550,-1.207295,0.041048,0.564937,-0.694469,-0.282714,-0.165861,-0.042140,-0.136545,-0.705639,0.914556,-0.189568,-0.790714,-0.255811,-0.170078,-1.049491,0.263115,-0.068214,0.404707,0.512418,0.253461,0.245013,0.237704,0.348335,0.107113,0.334563,0.241204,0.121669,0.443766,-0.067529,0.407255,0.597775,0.375734,0.437466,0.319888,0.317255,0.471511,0.373616
0.222374,-0.056687,0.418358,-0.516930,-0.005850,0.308256,-0.198028,-0.141751,0.049586,0.104082,0.069486,-0.390974,0.332731,-0.051186,-0.398451,-0.064487,-0.114738,-0.696598,0.184677,0.087373,0.300219,0.173833,0.239116,0.135645,0.285170,0.063163,0.074823,0.257788,0.256334,0.204359,0.123208,0.032730,0.132122,0.181525,0.122576,0.208210,0.204257,0.090564,0.260055,-0.047033
0.593003,0.275999,0.471306,-0.802128,0.086236,0.604937,-0.489404,0.012971,0.277835,0.103850,0.309716,-0.622401,0.703794,-0.426797,-0.516173,-0.335170,-0.245330,-0.913003,0.472699,-0.099491,0.286679,0.364439,0.332560,0.003426,0.490701,0.243173,-0.111561,0.197670,0.285362,0.387872,0.043951,0.025730,0.079296,0.520265,0.399467,0.142755,0.168935,0.048764,0.147008,0.156586
0.159734,-0.143495,0.256243,-0.660786,-0.010405,0.276058,-0.210138,-0.094083,0.037152,0.062785,0.101106,-0.372702,0.359450,-0.032165,-0.445169,-0.114336,-0.282064,-0.643135,0.296294,0.121731,0.230196,0.265429,0.322200,0.081524,0.251507,0.020146,0.074022,0.287535,0.306764,0.177456,0.103835,0.008581,0.120429,0.223673,0.010457,0.194088,0.264259,0.071492,0.288826,-0.019963
0.354418,-0.126563,0.340596,-0.799762,-0.027701,0.505679,-0.350501,-0.243236,-0.045832,0.126032,0.092604,-0.482801,0.714981,-0.137685,-0.539540,-0.278818,-0.156678,-0.936970,0.287979,0.083836,0.329337,0.429324,0.284691,0.181734,0.299514,0.164675,0.047117,0.131854,0.348621,0.189153,0.151701,0.185521,0.204654,0.242820,0.141429,0.247878,0.331981,0.077750,0.415654,0.132800
0.408146,0.028161,0.473880,-0.740493,0.173443,0.435032,-0.219214,0.167588,-0.000656,0.162143,0.233125,-0.520106,0.646060,-0.368977,-0.472270,-0.182223,-0.124080,-0.946691,0.344809,0.014239,0.410203,0.480461,0.139017,0.203767,0.230077,0.299871,0.099066,0.111395,0.514686,-0.031925,0.016856,0.193096,0.154333,0.428052,0.267630,0.157257,0.359755,0.119469,0.330454,0.112995
0.416185,0.018549,0.151543,-0.744581,-0.030940,0.367206,-0.428892,-0.129960,-0.106708,0.030699,0.298401,-0.640225,0.664205,-0.227753,-0.555650,-0.385760,-0.135352,-0.729717,0.340541,0.043380,0.340847,0.313827,0.436705,0.059794,0.254392,0.037542,0.038311,0.220283,0.311763,0.271347,0.134397,0.134441,0.100932,0.271027,0.208497,0.324124,0.273851,0.079200,0.454906,0.086261
0.299633,0.126297,0.596425,-1.178675,-0.140916,0.799392,-0.915286,-0.161153,-0.003674,0.074638,0.267825,-1.243539,0.812536,-0.311377,-0.999117,-0.408421,-0.250062,-1.391341,0.509444,-0.042214,0.600783,0.696239,0.567819,0.357036,0.506256,0.376825,0.039869,0.239117,0.207429,0.397517,0.085539,-0.101925,-0.061669,0.526604,0.242785,0.653455,0.398901,0.214711,0.698303,0.356944
0.290267,0.090683,0.258912,-0.825328,-0.018037,0.389386,-0.396800,-0.066881,-0.032341,-0.023688,0.138185,-0.455665,0.529874,-0.052109,-0.481137,-0.186531,-0.328741,-0.775542,0.209316,0.013383,0.399148,0.317196,0.318538,0.131179,0.383707,-0.038409,0.133257,0.395593,0.256619,0.293739,0.066784,0.035201,0.034750,0.377218,0.349066,0.239726,0.203604,0.000389,0.316779,-0.007548
0.305254,0.098014,0.301939,-0.521149,0.176024,0.415661,-0.323303,0.020000,0.060265,0.182451,0.208620,-0.464885,0.549799,-0.347260,-0.271688,-0.091671,-0.248594,-0.646660,0.234307,-0.118775,0.206808,0.284852,0.109869,0.113733,0.199897,0.112893,0.050226,0.286555,0.170497,0.107102,-0.102124,0.132777,0.112780,0.421514,0.316887,0.060215,0.397243,0.194894,0.287546,0.212003
0.192484,-0.048357,0.784902,-1.329548,0.185115,0.607101,-1.063573,-0.159236,0.153997,0.233869,0.234447,-0.845740,1.036524,-0.461293,-0.532215,-0.448912,-0.577541,-1.082479,0.615016,-0.036395,0.578281,0.372312,0.212111,0.070026,0.799039,0.528036,-0.006832,0.474669,0.279002,0.079489,0.436269,0.233108,0.297795,0.885796,0.435705,0.246981,0.397003,0.181628,0.471656,0.293609
0.189476,0.080838,0.390643,-1.248396,-0.122318,0.544105,-0.834781,-0.200212,-0.029184,-0.080272,0.415648,-0.632330,1.049309,-0.323701,-0.597617,-0.434559,-0.411651,-0.940122,0.210014,-0.142697,0.521943,0.434297,0.609026,0.149120,0.418843,0.200441,0.058247,0.373908,0.327795,0.112269,0.329145,0.323248,0.288984,0.602978,0.354788,0.403452,0.155557,0.100060,0.652056,0.331969
0.151925,-0.026891,0.255697,-0.751343,0.221766,0.280334,-0.416123,-0.131385,-0.032595,0.126982,-0.072934,-0.261563,0.334910,-0.111763,-0.468520,-0.074110,-0.249848,-0.629502,0.218630,0.085481,0.284520,0.273967,0.258380,0.069665,0.462112,0.135922,0.012186,0.304932,0.146366,0.128659,0.188835,0.085469,0.203290,0.385467,0.203613,0.181400,0.256750,0.064743,0.351754,0.029012
0.311601,-0.081701,0.288811,-0.788228,0.062226,0.536065,-0.588398,-0.274040,-0.056500,0.115892,0.129011,-0.642517,0.625411,-0.047998,-0.515944,-0.186802,-0.288149,-0.626597,0.244223,-0.000019,0.334629,0.331354,0.211833,0.147353,0.325967,0.187005,-0.081997,0.109566,0.117728,0.215575,0.050614,0.075854,0.238407,0.268295,0.118248,0.159674,0.232152,0.211610,0.519569,0.039575
0.346141,-0.083336,0.419209,-0.995948,-0.013971,0.727962,-0.733331,-0.224638,0.160727,0.198092,0.266233,-1.099891,1.009982,-0.240297,-0.523270,-0.398887,-0.296647,-1.003742,0.490398,-0.044182,0.418320,0.418148,0.117417,0.234021,0.661145,0.423250,0.005817,0.417906,0.335701,0.237418,0.057105,0.070641,0.295896,0.544700,0.495361,0.224682,0.259784,0.345644,0.393465,0.167043
0.531963,-0.033386,0.374114,-1.021490,-0.147530,0.702378,-0.811498,-0.221927,0.021028,0.100041,0.367622,-1.124996,0.810335,-0.100829,-0.570976,-0.355303,-0.153242,-0.982784,0.421055,0.114138,0.609710,0.468088,0.417127,0.258272,0.442812,0.308945,-0.044663,0.202603,0.320006,0.291589,0.061640,0.118624,0.185954,0.515174,0.242941,0.282341,0.248821,0.274232,0.522439,0.112384
0.453056,0.222004,0.449846,-0.911914,0.055417,0.568956,-0.705020,-0.053663,0.205226,0.203137,0.167196,-0.699353,0.736702,-0.172192,-0.304995,-0.073218,-0.079669,-1.016814,0.395249,0.002047,0.486749,0.282555,0.260227,0.140400,0.557098,0.423243,0.040370,0.447843,0.117334,0.285864,0.161410,-0.064343,0.141420,0.423506,0.529867,0.223518,0.130196,0.163707,0.203061,0.048658
0.263450,0.056707,0.168357,-0.762914,0.097046,0.413797,-0.383829,-0.018106,-0.005874,0.032461,0.102777,-0.418880,0.456458,-0.146009,-0.459442,-0.171954,-0.206934,-0.657086,0.432199,0.015274,0.193417,0.412418,0.327423,0.139385,0.228185,0.064971,0.049379,0.386847,0.280918,0.143358,0.044212,0.099341,0.122918,0.353651,0.098855,0.153500,0.449327,0.085705,0.279962,0.153497
0.165533,0.004708,0.300392,-0.901854,-0.031087,0.276888,-0.508405,-0.018605,-0.013528,-0.016886,0.056897,-0.511185,0.695456,-0.299326,-0.310370,-0.308269,-0.018427,-0.778981,0.313478,-0.076714,0.275231,0.345166,0.168749,0.177470,0.282185,0.410914,0.049948,0.120960,0.269683,-0.021044,0.276074,0.170227,0.308956,0.328650,0.115882,0.285611,0.367978,0.276770,0.339902,0.154931
0.281917,-0.132377,0.368634,-0.529527,0.146496,0.379446,-0.204182,-0.033217,0.011658,0.127444,0.068610,-0.376507,0.586310,-0.200369,-0.402541,-0.208010,-0.063651,-0.677233,0.132433,0.116137,0.394508,0.225581,0.204917,0.172836,0.300231,0.198848,0.138050,0.224676,0.278087,0.135399,0.196040,0.124191,0.271665,0.161306,0.196892,0.239384,0.269300,0.106669,0.300306,0.028330
0.358313,0.079129,0.342527,-1.197335,0.066317,0.419020,-0.547157,-0.105076,0.175240,0.020598,0.310173,-0.689398,0.968501,-0.328820,-0.483768,-0.189891,-0.337368,-1.092316,0.424683,-0.047465,0.406899,0.557160,0.184777,0.214406,0.335368,0.185658,0.170996,0.220786,0.389735,0.341059,0.203695,0.073144,0.285090,0.427716,0.225313,0.224177,0.203517,0.173698,0.516566,0.086699
0.182986,-0.119746,0.370714,-0.393491,0.014790,0.444429,-0.297954,-0.081401,0.107495,0.117010,0.087929,-0.521030,0.601809,-0.157808,-0.289921,-0.220824,-0.165950,-0.689622,0.236574,0.062504,0.294330,0.219454,0.017779,0.150434,0.388509,0.176198,0.008520,0.214833,0.231542,0.135112,0.143597,-0.004877,0.197862,0.181190,0.212968,0.153968,0.233052,0.167732,0.251895,0.109508
0.271077,-0.049757,0.280214,-0.381569,0.105130,0.317992,-0.279246,-0.070543,0.058071,0.081998,-0.054475,-0.362433,0.425164,-0.103804,-0.266685,-0.036710,0.027253,-0.601164,0.152854,0.031965,0.281885,0.168064,0.036855,0.131080,0.371595,0.207116,0.030344,0.216438,0.170973,0.086906,0.154658,0.041778,0.176364,0.187073,0.260698,0.135576,0.243672,0.158906,0.222370,0.049559
4.129965,0.374342,2.092362,-8.836157,0.681854,5.887921,-5.599020,-1.876631,-2.782573,1.970802,0.032721,-4.234157,8.802369,-0.202964,-3.477943,-2.198151,-3.195341,-8.641256,4.129508,-2.704075,2.130842,2.536517,0.281152,0.514262,2.000384,0.451390,-2.606851,0.629963,1.423681,0.453630,-1.107517,-0.642637,0.851101,2.927587,2.796107,0.981194,1.537462,0.376652,4.586296,2.687570
0.372366,0.003491,0.388721,-1.544643,0.003698,1.262406,-0.808780,-0.355921,-0.308598,0.262591,0.278967,-1.200803,1.488694,-0.463298,-1.025064,-0.471752,-0.944963,-2.021054,0.505868,-0.242545,0.539477,0.686700,0.335387,0.252542,0.360013,0.115102,0.116071,0.241664,0.238107,0.381327,0.334942,-0.049034,0.424192,0.874604,0.429509,0.442691,0.765334,0.176549,0.965386,0.085223
0.163679,-0.062394,0.274485,-0.366658,0.096895,0.436929,-0.230550,0.035198,0.077142,0.092746,0.104090,-0.396896,0.441632,-0.164406,-0.339789,-0.143406,-0.253976,-0.525047,0.194411,0.048061,0.204610,0.263256,0.140866,0.138136,0.299207,0.163975,-0.023659,0.240845,0.230560,0.090898,0.148687,0.059343,0.105871,0.268755,0.140229,0.133142,0.357105,0.105531,0.293151,0.155230
0.164689,0.044521,0.079939,-0.606107,0.057450,0.298114,-0.232063,-0.045051,-0.072976,0.031815,0.056833,-0.305539,0.470366,-0.079856,-0.313618,-0.143378,-0.084181,-0.529526,0.355032,0.058168,0.135297,0.338655,0.194399,0.096497,0.225383,0.122493,-0.054783,0.237545,0.335722,0.113907,0.087395,0.096525,0.207969,0.196355,0.095619,0.161483,0.317198,0.172886,0.252085,0.099285
0.148232,-0.030568,0.131202,-0.642523,0.184889,0.418059,-0.474118,-0.147335,-0.095675,0.129043,-0.007166,-0.388799,0.414706,-0.041844,-0.567867,-0.101319,-0.267087,-0.550381,0.286256,0.074014,0.165818,0.339278,0.256659,0.042666,0.405268,0.133312,-0.079333,0.353214,0.104530,0.156466,0.101389,0.185590,0.157221,0.286662,0.075737,0.111897,0.317226,0.109028,0.464255,0.056696
0.480556,0.065286,0.478660,-0.813942,-0.019637,0.377628,-0.363261,-0.123624,0.115894,0.126821,0.102023,-0.354861,0.443385,-0.058314,-0.458640,-0.008396,-0.139386,-0.939094,0.170236,-0.009081,0.394889,0.297854,0.382141,0.218976,0.258632,0.149435,0.074108,0.258795,0.480300,0.206933,0.101473,0.180110,0.212755,0.371976,0.404614,0.079767,0.295913,0.074849,0.344158,0.006966
0.799278,0.689465,0.849704,-2.121502,0.050837,0.993049,-1.400935,-0.165157,-0.032622,0.086624,0.270963,-1.231258,2.061288,-0.398855,-1.140307,-0.076347,-0.367704,-2.262221,1.189632,0.205627,1.308925,0.453949,0.483093,0.071624,1.344657,0.469231,-0.072512,1.148618,0.860752,0.093352,-0.070474,-0.151610,0.367537,0.451298,0.897403,0.234553,0.432033,0.406442,0.890649,0.628945
0.170857,0.064755,0.253618,-0.766030,0.117547,0.312209,-0.391484,0.020159,-0.094144,0.180191,-0.069137,-0.321047,0.486740,-0.109029,-0.365710,-0.178809,-0.023689,-0.644410,0.461672,0.086674,0.331737,0.457065,0.111779,0.098627,0.539626,0.363581,0.015270,0.411378,0.256020,-0.084115,0.270377,0.016443,0.131222,0.295883,0.365330,0.315659,0.239145,0.289382,0.338696,0.094962
0.134905,-0.113688,0.260229,-0.453902,-0.017420,0.392531,-0.255357,-0.044459,0.026588,0.044788,0.166769,-0.488357,0.457563,-0.176514,-0.344124,-0.149770,-0.240528,-0.500941,0.257842,0.050957,0.190048,0.248719,0.074486,0.035291,0.242590,0.115778,-0.105750,0.124288,0.163953,0.210804,-0.018956,-0.004600,0.098021,0.174912,0.112659,0.157100,0.256316,0.200288,0.242215,0.129598
0.557608,0.160489,0.051867,-0.905368,-0.016745,0.299121,-0.556805,-0.164852,-0.192038,0.074019,0.253905,-0.407773,0.547453,-0.091607,-0.530177,-0.159650,-0.090278,-0.693040,0.134409,-0.044981,0.314662,0.249432,0.348442,0.259029,0.110516,0.140421,0.001582,0.276350,0.259402,0.113569,0.058072,0.345372,0.140456,0.356707,0.329969,0.037949,0.389294,0.135928,0.476183,0.139023
0.569414,0.146375,0.640241,-1.069402,-0.075882,0.733222,-0.700277,-0.097111,0.221148,0.323193,0.430510,-0.811926,0.854584,-0.398956,-0.371499,-0.295633,-0.266233,-1.109217,0.495619,-0.054650,0.453170,0.286000,0.290233,0.122378,0.659266,0.606966,-0.216223,0.211585,0.210495,0.268161,0.207091,0.170022,0.150190,0.584645,0.427356,0.102866,0.227813,0.132632,0.381036,0.289614
0.334841,-0.000937,0.356289,-0.566665,0.001888,0.507955,-0.407464,-0.096988,0.082281,0.126809,0.275300,-0.625356,0.609023,-0.171248,-0.382179,-0.144499,-0.108962,-0.697773,0.149442,0.040587,0.375412,0.240508,0.309396,0.158572,0.292348,0.243864,0.007845,0.119293,0.274796,0.226541,0.100519,0.229108,0.247575,0.362155,0.234575,0.116437,0.280397,0.114255,0.372101,0.193396
0.040652,0.041842,0.199616,-0.787005,-0.066609,0.430805,-0.507083,-0.247354,-0.057673,0.095819,0.057582,-0.521242,0.475537,-0.036998,-0.460450,-0.225782,-0.307302,-0.597058,0.263953,-0.150406,0.233695,0.337723,0.246580,0.267355,0.367158,0.208776,0.001523,0.141338,0.199434,0.080428,0.177109,0.092540,0.097983,0.278480,0.158493,0.125179,0.321878,0.157171,0.465734,0.021764
0.105224,0.084517,0.279236,-0.861133,0.006569,0.365669,-0.502576,0.043587,-0.015056,-0.020440,0.234005,-0.560475,0.622272,-0.211211,-0.307689,-0.251743,-0.112336,-0.657737,0.393424,-0.150531,0.181701,0.356656,0.219531,0.098952,0.289625,0.323947,0.086548,0.206648,0.233468,-0.027865,0.167394,0.065557,0.246588,0.385968,0.116425,0.210838,0.433404,0.241806,0.405136,0.204701
1.773700,0.378933,1.838642,-2.580157,0.310304,1.807388,-1.604565,-0.635463,-0.330490,1.004717,0.167705,-1.591691,2.688113,-0.409557,-1.682654,-1.045406,0.083752,-4.149980,1.526181,0.427185,1.234190,0.377955,0.333786,0.170032,1.407333,1.461429,-0.278652,0.824477,0.550525,0.847913,0.590310,0.217924,-0.285689,1.048766,0.940196,0.253297,0.424613,-0.069882,0.902556,0.447066
0.099371,-0.000331,0.452710,-0.880112,0.165980,0.371851,-0.589374,-0.129413,-0.366408,0.108087,-0.003609,-0.506669,0.663951,-0.317387,-0.633457,-0.309010,-0.275819,-0.966424,0.260924,0.175031,0.457186,0.393358,0.213625,0.294819,0.294344,0.316144,0.179939,0.318739,0.238828,0.150494,0.090992,-0.024454,0.304709,0.495327,0.227409,0.362810,0.348711,0.078335,0.440591,0.143921
0.438547,-0.095269,0.485134,-0.762182,0.008749,0.561195,-0.268015,-0.093789,0.104504,0.130874,0.380652,-0.580147,0.963878,-0.147199,-0.474742,-0.214244,-0.351370,-0.989596,0.257268,0.015768,0.349279,0.208735,0.053806,0.090584,0.375693,0.196727,0.098155,0.229496,0.244454,0.175921,0.063258,0.074168,0.218000,0.385306,0.328036,0.212256,0.317528,0.204444,0.406910,0.163269
0.376770,0.154221,0.377141,-0.932581,-0.184006,0.795542,-0.663138,-0.098349,0.023829,0.284065,0.386456,-0.826101,0.864898,-0.092692,-0.581392,-0.284236,-0.283796,-0.757752,0.470490,0.005262,0.310638,0.298435,0.214270,0.272809,0.511733,0.554909,-0.048633,0.126585,0.052733,0.098353,0.258514,0.130226,0.040598,0.495960,0.260805,0.043956,0.104318,0.232296,0.465904,0.077209
0.476430,0.329340,0.389874,-1.167147,-0.046789,0.936218,-0.907899,-0.101247,0.126180,0.212341,0.138582,-1.007981,0.887618,0.219137,-0.559365,0.066367,-0.336645,-1.389903,0.550154,-0.308486,0.549371,0.547541,0.600625,0.295348,0.495464,0.609262,0.144632,0.329462,0.449337,0.411726,0.291886,0.011733,0.161020,0.703683,0.438069,0.223101,0.619576,0.196584,0.703644,-0.022914
0.258826,-0.044775,0.348675,-0.531391,0.049597,0.387570,-0.303617,-0.132076,0.046258,0.116977,0.061645,-0.526521,0.481712,-0.192917,-0.360204,-0.141004,-0.089213,-0.705752,0.185138,0.014732,0.375599,0.224987,0.138758,0.144539,0.355606,0.071717,0.013424,0.191485,0.252007,0.240158,0.121331,0.024569,0.220545,0.176106,0.239725,0.243289,0.212709,0.189013,0.303513,0.060654
0.086226,-0.076424,0.272038,-0.710347,0.041289,0.352915,-0.334527,0.037917,0.054743,-0.057520,-0.032357,-0.344446,0.437583,-0.137469,-0.378185,-0.182390,-0.327475,-0.711900,0.319747,0.000392,0.364690,0.299801,0.295277,0.062120,0.443042,0.144977,0.088771,0.292819,0.294422,0.078301,0.224306,0.021761,0.208027,0.471134,0.243851,0.310010,0.314198,0.012810,0.297619,0.065889
0.390077,0.069306,0.554043,-0.624358,0.107238,0.529244,-0.198502,-0.076778,0.071638,0.163264,0.111082,-0.804486,0.797916,-0.226083,-0.425145,-0.230289,-0.140633,-1.063732,0.326000,0.123252,0.468992,0.400566,0.116250,0.165285,0.495224,0.161487,-0.030661,0.351234,0.410923,0.262568,-0.025955,0.024448,0.135494,0.170952,0.305286,0.312565,0.239058,0.211562,0.315824,0.174816
0.139187,-0.089867,0.259597,-0.285585,0.037368,0.303827,-0.197175,0.016554,0.106024,0.098678,0.078371,-0.358644,0.372906,-0.107902,-0.237291,-0.111206,-0.202291,-0.504433,0.175230,0.034245,0.213328,0.223507,0.062274,0.140067,0.304582,0.121101,-0.001169,0.223355,0.198087,0.100496,0.097563,0.022204,0.098107,0.201419,0.149086,0.140017,0.295059,0.139936,0.211019,0.074206
0.151397,-0.011562,0.238112,-0.802278,0.081356,0.585237,-0.434935,-0.035999,0.010020,0.131385,0.142044,-0.437116,0.688331,-0.234993,-0.583421,-0.224444,-0.344969,-0.571640,0.277219,0.164623,0.295330,0.266476,0.150879,0.051808,0.436164,0.294074,0.069156,0.398569,0.163924,0.021263,0.305071,0.012668,0.176875,0.424702,0.279911,0.141286,0.372820,0.229140,0.438437,0.073447
0.226266,-0.015191,0.416668,-0.784131,-0.022246,0.450553,-0.625343,-0.078827,0.038844,0.161589,0.267561,-0.607913,0.708875,-0.274124,-0.397270,-0.302457,-0.099545,-0.860182,0.355803,-0.123891,0.351146,0.373871,0.196931,0.199218,0.378847,0.354056,0.001851,0.154936,0.250731,0.231249,0.089797,0.182831,0.123385,0.580748,0.259042,0.264900,0.276428,0.210877,0.524086,0.211630
0.220468,0.089363,0.134496,-0.521730,0.106758,0.324591,-0.259094,-0.045288,-0.034118,0.020004,-0.003995,-0.311349,0.503678,-0.065352,-0.250394,-0.079069,-0.016120,-0.544973,0.320584,0.035187,0.115638,0.287640,0.085944,0.108963,0.325989,0.182473,-0.081941,0.312827,0.235244,0.075606,0.152183,0.161068,0.175262,0.185635,0.212915,0.124203,0.284230,0.140602,0.199030,0.128599
0.188835,-0.033584,0.195763,-0.308578,0.075913,0.304771,-0.228452,-0.073604,0.034928,0.085487,0.007593,-0.391576,0.427678,-0.112682,-0.147669,-0.120333,-0.071286,-0.483370,0.145466,-0.001598,0.174323,0.160797,-0.108599,0.149145,0.381363,0.082540,-0.069354,0.097269,0.045937,0.080031,0.052625,0.013339,0.074671,0.172037,0.270513,0.105007,0.186619,0.132985,0.170144,0.058020
0.299368,0.097294,0.439764,-0.865214,0.017291,0.346766,-0.455625,-0.155703,0.031856,0.123277,0.061916,-0.518735,0.438199,-0.066512,-0.515790,-0.112355,-0.056979,-0.835793,0.346184,-0.033481,0.382605,0.413768,0.154672,0.294431,0.368735,0.353216,0.142956,0.256815,0.357678,0.088168,0.095108,0.114185,0.147683,0.387199,0.222516,0.212298,0.245757,0.169493,0.317148,0.013244
0.011819,0.100107,0.255411,-0.996378,-0.105355,0.465309,-0.595940,-0.105703,-0.182730,0.150626,0.037823,-0.607651,0.481345,-0.032744,-0.599565,-0.188260,-0.340378,-0.650006,0.358830,-0.041195,0.262540,0.371708,0.275844,0.185133,0.365870,0.284504,0.042809,0.296452,0.164318,0.050855,0.197724,0.018859,0.116036,0.410030,0.104253,0.198956,0.407460,0.224549,0.398941,0.085105
0.201363,0.141693,0.234001,-0.938667,-0.021663,0.398794,-0.347890,-0.165100,-0.039758,0.030139,-0.011415,-0.309852,0.400894,-0.045258,-0.607061,-0.224202,-0.164287,-0.801142,0.347935,0.052581,0.314517,0.326546,0.467562,0.011079,0.425372,0.192149,0.079237,0.332685,0.326917,0.111199,0.312227,0.120811,0.000095,0.483643,0.323714,0.342477,0.214193,0.005578,0.358422,0.046469
0.190975,0.042606,0.126560,-0.477288,0.011068,0.260651,-0.169458,-0.037949,-0.109676,0.017991,0.108881,-0.212929,0.416121,-0.006387,-0.223621,-0.173163,-0.093397,-0.428785,0.219433,0.038088,0.127846,0.221627,0.169114,0.057167,0.262691,0.067523,-0.047900,0.133862,0.221179,0.096850,0.085956,0.088228,0.034592,0.110418,0.083379,0.126003,0.279056,0.066820,0.229576,0.086558
0.638398,-0.250234,0.842536,-0.757153,-0.027321,0.557833,-0.342849,-0.154055,0.073407,0.371261,0.409607,-0.785302,0.713840,-0.454119,-0.438251,-0.398345,-0.176587,-1.469958,0.426692,0.153304,0.587075,0.397541,0.047359,0.116387,0.606047,0.327866,-0.043606,-0.004939,0.273848,0.207719,0.075290,0.119125,0.119596,0.338604,0.123604,0.098696,0.301212,0.025428,0.319434,0.032639
0.687903,0.133440,0.400951,-1.124225,-0.069750,0.614620,-0.721747,-0.111337,-0.004114,0.180019,0.241176,-0.882065,0.494161,-0.081940,-0.706700,-0.239319,0.011229,-1.018869,0.385272,0.176246,0.615262,0.467641,0.506091,0.371652,0.371881,0.351517,0.027113,0.264617,0.411787,0.201149,0.075762,0.215915,0.124552,0.657589,0.286171,0.152435,0.336541,0.139146,0.447502,0.085676
0.334733,-0.084141,0.576281,-0.860906,0.172028,0.391303,-0.658929,-0.164744,-0.066738,0.081964,0.053306,-0.602526,0.651599,-0.089232,-0.460908,-0.067320,-0.219033,-0.898372,0.132240,0.191315,0.399990,0.288320,0.110834,0.295161,0.386679,0.239109,0.129305,0.182767,0.373495,0.034564,0.152576,0.141350,0.254687,0.618168,0.206266,0.070177,0.449770,0.202639,0.457750,0.003041
0.204974,0.035781,0.526581,-1.000862,-0.010113,1.090951,-0.668695,-0.293758,0.122437,-0.033774,0.316462,-1.204219,1.128037,-0.196361,-0.739046,-0.513924,-0.465490,-1.180244,0.380088,-0.122086,0.442699,0.391202,0.271551,0.323388,0.515925,0.264271,-0.049570,0.167357,0.260044,0.184477,0.143027,-0.004793,0.081829,0.322782,0.448910,0.389700,0.316033,0.266832,0.844902,0.285019
3.265589,1.355730,4.957468,-11.154081,-2.631385,5.055601,-7.066963,-1.988135,-1.606462,0.281540,1.481024,-7.517167,10.480278,-2.008646,-2.990812,-5.529787,-2.932141,-10.630964,3.378335,-1.009223,4.980907,1.794119,0.351374,0.784096,1.941212,3.089434,1.190016,0.993443,-0.243150,-0.276181,-0.764688,0.164064,2.053268,0.977547,2.438417,2.742919,1.586191,-0.227061,3.606990,-0.542807
0.306314,0.011165,0.472461,-0.712482,0.255213,0.458761,-0.509207,-0.205535,0.052588,-0.004349,-0.137688,-0.467777,0.535457,-0.152431,-0.321914,-0.072029,-0.070634,-0.784895,0.256600,0.093742,0.268803,0.162105,0.061212,0.118221,0.548589,0.221828,0.097520,0.338091,0.107180,0.154888,0.131251,-0.017071,0.079352,0.319508,0.336898,0.227047,0.147022,0.257408,0.337877,-0.073369
0.273536,-0.080335,0.264708,-1.200222,-0.043458,0.613122,-0.810097,-0.184380,-0.070505,0.092344,0.506414,-0.707776,0.932306,-0.208854,-0.463871,-0.413834,-0.410161,-0.798345,0.351763,-0.114497,0.504018,0.392971,0.355316,0.186872,0.417838,0.240048,-0.029435,0.139563,0.207672,0.080582,0.220910,0.183551,0.337672,0.490351,0.212784,0.268525,0.290838,0.376667,0.585281,0.094631
0.255652,0.095791,0.358561,-0.485425,0.123644,0.474105,-0.294848,0.035731,0.038451,0.097569,0.029334,-0.610863,0.595229,-0.332771,-0.335817,-0.187361,-0.044966,-0.920402,0.258060,0.004629,0.367650,0.429841,0.035998,0.276725,0.343692,0.211398,0.074546,0.292275,0.344937,0.192739,0.220039,0.053355,0.222746,0.170007,0.296520,0.374295,0.323485,0.175173,0.330415,0.181868
0.212551,-0.051535,0.454078,-0.910934,-0.050360,0.483440,-0.580506,-0.110015,0.153431,0.051790,0.124884,-0.824515,0.549123,-0.254893,-0.414136,-0.197517,-0.183490,-0.974048,0.468917,-0.110615,0.428294,0.423348,0.412584,0.224046,0.630857,0.282671,0.093910,0.257233,0.222432,0.199197,0.057305,-0.046775,0.074283,0.462379,0.219282,0.268057,0.236216,0.145928,0.433101,0.123282
0.384819,0.353875,0.263572,-1.174256,-0.017506,0.567764,-0.839000,-0.145640,0.003896,-0.055487,0.213668,-0.848778,0.812089,-0.430295,-0.850219,-0.297863,-0.175410,-1.277564,0.601392,0.006993,0.553472,0.604471,0.521506,0.261090,0.335792,0.325562,0.050152,0.300586,0.176879,0.351207,0.057926,0.032858,0.064710,0.640345,0.489273,0.546648,0.149322,0.191914,0.701564,0.416202
0.071422,0.044241,0.460337,-1.068037,0.086017,0.427790,-0.575400,-0.040969,0.059111,0.034148,0.006085,-0.625807,0.551498,-0.158923,-0.532242,-0.175868,-0.370586,-0.800767,0.308394,-0.000025,0.419157,0.330414,0.228706,0.131793,0.475707,0.206673,0.106224,0.334997,0.240287,0.239590,0.321862,0.010091,0.177424,0.376340,0.279418,0.342915,0.310587,0.202771,0.347992,-0.092470
0.035134,-0.009523,0.356728,-0.752401,-0.207000,0.618401,-0.624548,-0.153750,0.012363,0.021442,0.002083,-0.471557,0.672478,-0.132354,-0.299958,-0.261063,-0.353439,-0.846199,0.279762,-0.232971,0.171843,0.394575,0.171070,0.092198,0.403979,0.361849,-0.062751,0.122973,0.279374,0.121665,0.359788,0.011165,0.084274,0.402683,0.247971,0.235913,0.402270,0.065608,0.376893,0.182343
0.223809,0.059873,0.337927,-1.151812,-0.118876,0.599815,-0.617301,-0.209655,-0.051307,-0.114912,0.336843,-0.839742,0.956567,-0.223096,-0.658265,-0.405435,-0.407871,-1.182903,0.499963,-0.219245,0.399184,0.612690,0.401416,0.072687,0.372477,0.145075,0.154203,0.186439,0.376471,0.193946,0.148725,0.056563,0.123857,0.480651,0.192672,0.353917,0.247550,0.269642,0.687930,0.190776
0.379676,-0.030090,0.370158,-0.609863,-0.048525,0.322216,-0.351152,-0.147019,-0.025033,0.202354,0.281253,-0.330733,0.596940,-0.282307,-0.342438,-0.214329,-0.054054,-0.840076,0.439437,-0.111724,0.249675,0.309519,0.068136,0.104248,0.228486,0.215631,0.003766,-0.116907,0.238249,0.085073,0.043654,0.108000,0.027425,0.405863,0.091331,0.041621,0.230706,0.102258,0.307713,0.092656
0.537359,-0.053630,0.558923,-1.156950,0.094650,0.688584,-0.591037,-0.191599,0.016470,0.240925,0.094330,-0.605293,0.593062,-0.283245,-0.727216,-0.280357,-0.146488,-1.043591,0.401334,0.170765,0.415720,0.492715,0.430628,0.238937,0.362691,0.350467,0.062693,0.330762,0.285994,0.276666,0.178220,0.111167,0.187439,0.391945,0.246379,0.310730,0.461791,0.022287,0.293198,0.243081
0.274165,0.164175,0.339778,-0.819833,-0.024922,0.454334,-0.418445,-0.193135,-0.030003,0.026892,0.105708,-0.430388,0.624032,-0.401110,-0.578304,-0.191029,-0.059051,-1.020628,0.366887,-0.073346,0.431295,0.460596,0.403396,0.122276,0.268750,0.216396,0.129703,0.350440,0.324515,0.330258,0.199013,0.089960,0.084502,0.409771,0.347091,0.420068,0.285395,0.171585,0.476022,0.142274
0.235533,0.122284,0.288381,-0.829822,0.114340,0.471814,-0.485140,-0.020307,0.040800,0.167797,0.169951,-0.535950,0.687667,-0.260337,-0.466348,-0.139472,-0.265886,-0.648288,0.303888,0.038915,0.347264,0.259365,0.107270,0.054736,0.424679,0.228583,0.157772,0.452483,0.222377,0.036764,0.208299,-0.019718,0.207099,0.441857,0.367083,0.153706,0.371564,0.392662,0.361065,0.099280
0.158787,0.203853,0.219487,-1.038947,0.052102,0.593104,-0.444236,-0.216358,-0.258215,-0.055074,0.019165,-0.699502,0.604705,-0.155376,-0.932721,-0.081269,-0.260979,-1.006239,0.243908,0.087722,0.478340,0.550861,0.425112,0.200579,0.189877,0.156326,0.211677,0.491234,0.193892,0.192630,0.272754,-0.116872,0.177057,0.521954,0.305859,0.342486,0.364759,0.182286,0.459376,0.149677
0.509619,0.274553,0.427229,-1.326561,-0.205999,0.807678,-0.925841,-0.169442,0.139473,0.078671,0.291210,-1.141289,1.440392,-0.149604,-0.791823,-0.373492,-0.135788,-1.191451,0.690439,0.005904,0.559288,0.642317,0.478084,0.103285,0.786387,0.699920,-0.099609,0.436353,0.587959,0.020868,0.178396,-0.025514,0.220441,0.349203,0.681541,0.234214,0.101872,0.395475,0.532796,0.526613
0.134209,0.013568,0.096661,-0.889442,0.018230,0.353814,-0.457114,-0.148457,-0.048717,0.003618,0.262975,-0.417200,0.690571,-0.258078,-0.426238,-0.159406,-0.233840,-0.537306,0.210133,0.077495,0.292844,0.254829,0.174377,0.140449,0.337967,0.175598,0.106886,0.350556,0.166387,0.084042,0.204927,0.163631,0.283385,0.381652,0.220188,0.204359,0.257730,0.204345,0.299663,0.072085
0.169296,0.109872,0.586401,-1.221103,-0.087827,0.760309,-0.839546,-0.217966,0.032633,0.067553,0.012694,-0.615548,0.588696,-0.210840,-0.665644,-0.298873,-0.416996,-1.333072,0.367356,-0.183006,0.471999,0.281597,0.471013,0.195133,0.693359,0.392232,0.059777,0.459813,0.191159,0.177500,0.387217,-0.097449,0.059611,0.618560,0.583421,0.607625,0.385384,0.093097,0.543422,0.191417
0.109965,0.062908,0.395397,-0.845738,0.217225,0.455345,-0.702430,-0.117798,-0.014362,0.130225,-0.187790,-0.421723,0.490728,-0.111321,-0.507585,-0.091489,-0.377342,-0.831507,0.187670,0.089551,0.399574,0.277098,0.241000,0.082738,0.569771,0.206659,0.010170,0.429033,0.110207,0.110176,0.217014,-0.094396,0.170087,0.525775,0.301325,0.191505,0.381068,0.183409,0.435431,0.004314
0.512163,0.257494,0.415634,-0.975057,-0.142476,0.708876,-0.723532,0.006581,0.255063,0.137865,0.236135,-1.060390,0.792207,-0.258598,-0.675768,-0.312202,-0.177829,-0.903269,0.643803,-0.252810,0.351463,0.453613,0.504670,0.204793,0.559046,0.355891,-0.251554,0.261423,0.226916,0.169243,0.225262,0.101344,0.101282,0.497250,0.384754,0.189658,0.189038,0.158710,0.445264,0.113898
0.233972,0.071842,0.173294,-0.395378,0.078597,0.349946,-0.315626,-0.002778,0.034476,0.141656,0.174491,-0.440617,0.451374,-0.155111,-0.218790,-0.082536,-0.227853,-0.469040,0.156494,-0.025180,0.158132,0.192129,0.088473,0.089685,0.212413,0.100757,-0.042222,0.269771,0.147249,0.066271,-0.003138,0.075671,0.026278,0.317735,0.190301,-0.008339,0.324512,0.182631,0.244621,0.103181
0.065543,0.089468,0.350059,-1.248153,0.057905,0.435730,-0.686648,-0.289916,0.059002,-0.038254,0.100341,-0.647817,0.839834,-0.207779,-0.494618,-0.275967,-0.501136,-0.909068,0.232023,-0.091253,0.450778,0.302937,0.408729,0.214320,0.542188,0.174121,0.070311,0.216764,0.235750,0.245385,0.341359,0.227651,0.242210,0.538389,0.251079,0.288525,0.288162,0.134815,0.506877,0.056557
0.325891,0.085866,0.109573,-0.656431,0.039231,0.341220,-0.334026,-0.005847,-0.096594,0.008563,0.256437,-0.302991,0.443029,-0.154912,-0.397367,-0.134142,-0.126720,-0.552539,0.231200,0.045018,0.189680,0.287149,0.320180,0.200580,0.153107,0.073064,0.081704,0.361746,0.281201,0.136704,0.013283,0.248708,0.133939,0.344795,0.198548,0.054938,0.296578,0.096322,0.313977,0.063335
0.254575,-0.086984,0.538862,-0.516403,-0.077778,0.504650,-0.295102,-0.052776,0.048668,0.262447,0.144474,-0.614201,0.422074,-0.099723,-0.471574,-0.179392,-0.277935,-0.873431,0.278944,0.138288,0.404275,0.329141,0.162981,0.253760,0.356235,0.145072,0.024288,0.310866,0.312851,0.101011,0.036517,-0.029366,0.059888,0.191779,0.016660,0.100981,0.330115,0.046571,0.314600,0.020943
0.146510,0.028371,0.206567,-0.461156,0.088105,0.414778,-0.321737,-0.057936,-0.090967,0.110547,0.229434,-0.432804,0.451135,-0.211144,-0.313848,-0.187107,-0.118948,-0.500523,0.270093,0.030112,0.085461,0.258276,0.101488,0.081045,0.215951,0.155313,-0.036368,0.275828,0.150056,0.079912,-0.048808,0.085440,0.077972,0.235240,0.136066,0.030873,0.235114,0.148464,0.342706,0.180210
0.417217,0.120714,0.165987,-0.892430,-0.023953,0.344462,-0.441836,-0.186135,-0.184290,0.081772,0.273103,-0.485519,0.581102,-0.086013,-0.443719,-0.177197,-0.178260,-0.700694,0.277196,-0.012242,0.253304,0.304859,0.241914,0.287996,0.134168,0.151159,0.108483,0.226707,0.302969,0.072507,-0.069511,0.294718,0.064760,0.356023,0.270887,0.045850,0.233039,0.127772,0.326695,0.045713
0.103509,0.085096,0.362661,-0.979897,-0.030491,0.891160,-0.471785,-0.083369,0.105760,-0.122427,0.287271,-0.824231,0.878775,-0.228626,-0.569619,-0.318275,-0.245098,-0.954797,0.394416,-0.096725,0.404262,0.398063,0.291364,0.282670,0.360776,0.220481,0.148510,0.229373,0.406680,0.094289,0.342275,0.041121,0.315501,0.401849,0.369330,0.394179,0.353790,0.260929,0.467917,0.196926
0.303004,0.152946,0.163740,-1.044670,0.083865,0.219258,-0.650075,-0.040762,-0.078520,-0.008138,0.194237,-0.488030,0.737091,-0.077326,-0.458685,-0.251590,-0.113292,-0.696217,0.310104,-0.100237,0.209847,0.220408,-0.039265,0.306610,0.260807,0.328806,-0.016306,0.130526,0.136759,-0.065477,0.158629,0.192262,0.174612,0.395088,0.291579,0.095480,0.312504,0.279277,0.294347,0.057006
0.418960,0.061112,0.287045,-0.763850,0.011954,0.547063,-0.340626,-0.049438,-0.038984,0.203844,0.223607,-0.628887,0.884745,-0.108293,-0.359224,-0.333512,-0.189951,-0.843333,0.351296,0.077829,0.325062,0.368394,0.081351,0.093281,0.286735,0.215814,-0.014605,0.262164,0.391252,0.212951,-0.062014,0.039144,0.296513,0.218467,0.312547,0.188124,0.197198,0.268290,0.353945,0.199619
0.324308,0.242714,0.253980,-0.969512,0.097592,0.700501,-0.714753,-0.205349,0.022799,-0.062986,0.095017,-0.666590,0.814005,-0.218345,-0.515125,-0.071442,-0.221060,-1.083254,0.161980,-0.018854,0.370961,0.400778,0.101641,0.259633,0.211194,0.081939,0.155115,0.507715,0.259606,0.224202,0.189166,0.035882,0.285491,0.474792,0.403470,0.260046,0.366619,0.332062,0.471216,0.319852
0.244145,0.043417,0.437557,-0.826566,0.053333,0.366066,-0.525297,-0.143043,0.131195,0.022815,0.072969,-0.655846,0.609892,-0.219684,-0.432707,-0.199016,-0.146037,-0.811713,0.289511,-0.031870,0.516776,0.333508,0.095349,0.153057,0.441639,0.171394,0.051303,0.296622,0.240147,0.198988,0.231122,-0.007371,0.308131,0.362389,0.331943,0.267224,0.297628,0.264208,0.297635,0.000184
0.304802,-0.006507,0.368543,-0.671065,0.075010,0.664954,-0.471673,-0.147936,0.141275,0.056357,0.184189,-0.829991,0.910771,-0.193083,-0.445597,-0.199029,-0.296120,-0.772365,0.250096,0.106497,0.327657,0.208297,0.092674,0.122550,0.537849,0.238929,0.004049,0.274310,0.212734,0.175681,0.104677,0.004950,0.314042,0.243143,0.294110,0.165962,0.206157,0.296872,0.408543,0.038134
0.554633,-0.116280,0.469669,-1.413418,0.003915,0.558618,-0.657131,-0.146807,0.222724,0.148668,0.488577,-0.750085,1.089628,-0.504117,-0.471407,-0.377561,-0.476010,-1.165913,0.573895,-0.125956,0.442498,0.350482,0.220851,0.133423,0.587884,0.170909,0.085245,0.077724,0.118721,0.371409,0.341879,0.053047,0.338042,0.436608,0.308225,0.341029,0.296892,0.274682,0.360934,0.047606
0.277966,-0.184927,0.382025,-0.731953,-0.001174,0.467489,-0.425137,-0.130283,0.033402,0.017865,0.115465,-0.533252,0.682856,-0.230458,-0.522108,-0.200663,-0.243027,-0.998896,0.141142,0.002011,0.510519,0.256486,0.403157,0.217211,0.302989,0.137701,0.060724,0.171467,0.359721,0.215975,0.168331,0.167901,0.264567,0.329785,0.177248,0.258440,0.390452,0.093377,0.404604,0.042336
0.249559,-0.028935,0.280173,-0.531350,0.035382,0.310326,-0.089402,0.014514,-0.002587,0.083478,0.128385,-0.232068,0.369601,-0.081913,-0.408815,-0.133136,-0.147386,-0.593534,0.300725,0.076930,0.247488,0.274183,0.192748,0.040217,0.258245,0.129270,0.071819,0.299367,0.305183,0.086182,0.100272,0.082258,0.058911,0.277641,0.133576,0.192943,0.294727,0.103519,0.251807,0.014400
0.587356,0.150177,0.645174,-1.593675,-0.219071,0.641500,-0.841113,-0.152546,0.239712,0.275080,0.200839,-0.758992,1.037694,-0.576782,-0.631475,-0.375929,-0.166909,-1.164946,0.761108,-0.331759,0.680329,0.541085,0.394002,0.144734,0.729579,0.897491,-0.038325,0.169596,0.326640,0.211607,0.461607,0.204612,0.205999,0.727785,0.444795,0.395238,0.344610,0.206807,0.579743,0.285450
0.074921,0.116612,0.196761,-0.724262,-0.044081,0.645255,-0.575766,-0.210302,-0.020723,-0.077043,0.056279,-0.544826,0.607459,-0.104854,-0.492603,-0.193815,-0.226715,-0.704389,0.161876,-0.072972,0.211280,0.327460,0.308229,0.026572,0.364743,0.166631,-0.031168,0.378377,0.232911,0.126310,0.297218,0.062577,0.117878,0.405607,0.280568,0.232827,0.270177,0.061385,0.368126,0.269356
0.086684,0.043728,0.229079,-0.633511,0.063909,0.301310,-0.438809,-0.100237,0.072546,-0.027900,0.090037,-0.434418,0.473849,-0.123723,-0.274053,-0.146018,-0.256543,-0.547238,0.222517,-0.115495,0.212515,0.230278,0.168822,0.167071,0.367969,0.155082,0.038131,0.122698,0.172211,0.096730,0.139853,-0.006369,0.204217,0.271556,0.145859,0.073139,0.314503,0.151195,0.397611,0.037203
0.258823,0.112614,0.073928,-0.513760,0.049588,0.192988,-0.318519,-0.104875,-0.097796,-0.025846,0.191183,-0.243449,0.428676,-0.030518,-0.358448,-0.086003,-0.079005,-0.424297,0.277955,0.082157,0.104348,0.268500,0.199509,0.102706,0.137420,0.099301,-0.057868,0.322612,0.208010,0.118481,-0.020838,0.192314,0.048851,0.274773,0.164534,0.080160,0.212915,0.215937,0.213847,0.091713
0.304418,-0.078474,0.410671,-0.586418,0.099394,0.434132,-0.373103,0.039178,0.085241,0.081977,0.174852,-0.611550,0.662564,-0.182545,-0.258391,-0.079582,-0.158489,-0.727364,0.153823,0.057172,0.395650,0.214417,0.051071,0.249433,0.355260,0.282130,-0.015797,0.087266,0.345290,0.045969,0.182735,0.031723,0.291332,0.342676,0.252041,0.078321,0.408131,0.114042,0.312195,0.088243
0.224983,-0.144856,0.457396,-0.559593,-0.007152,0.504771,-0.536117,-0.082770,0.168830,0.097215,0.194222,-0.699297,0.780063,-0.220845,-0.182790,-0.269306,-0.169292,-0.963880,0.237817,-0.226641,0.286418,0.170406,-0.138353,0.272750,0.565351,0.213171,0.004468,0.104557,0.151292,0.142920,0.038024,-0.090342,0.078059,0.326386,0.306925,0.226334,0.311359,0.077054,0.413122,0.033818
0.431929,-0.082817,0.584013,-0.867826,-0.056942,0.479798,-0.665817,-0.202669,0.210045,0.064624,0.397347,-0.793282,0.783820,-0.314831,-0.360679,-0.251609,-0.427301,-0.869030,0.417408,-0.002806,0.439123,0.283235,0.346284,0.148656,0.579698,0.286357,-0.115573,0.095221,0.173872,0.212752,0.277440,0.167540,0.265560,0.522751,0.339543,0.110169,0.148109,0.222572,0.447952,0.169101
0.307858,0.065498,0.182078,-0.827013,0.019083,0.523568,-0.730898,-0.209720,-0.175475,0.095188,0.283542,-0.602251,0.680699,-0.146992,-0.540412,-0.202889,-0.179619,-0.645109,0.339797,-0.024813,0.420451,0.261735,0.197581,0.152593,0.270204,0.266302,-0.015997,0.220056,0.179742,0.036605,0.093772,0.122519,0.252890,0.488831,0.260825,0.080996,0.272610,0.240525,0.284955,0.178729
0.297957,0.001275,0.154204,-0.884153,0.070197,0.340059,-0.292953,-0.093808,-0.047692,-0.028006,0.060654,-0.272502,0.555845,-0.201370,-0.438944,-0.226425,-0.121127,-0.796135,0.504068,0.059471,0.192372,0.369007,0.415981,0.091253,0.279792,0.098281,-0.031404,0.409594,0.362267,0.115902,0.210380,0.175937,0.165375,0.366099,0.127328,0.331194,0.398287,0.086065,0.198693,0.170945
0.087616,0.005873,0.197475,-0.550736,0.004950,0.421638,-0.338454,-0.065277,0.026216,0.038692,0.111704,-0.496304,0.465041,-0.088029,-0.350974,-0.154780,-0.244098,-0.542397,0.319209,-0.006819,0.141740,0.357496,0.184196,0.062540,0.294082,0.174697,-0.027150,0.217763,0.188005,0.112722,0.032950,0.056445,0.155155,0.152212,0.008257,0.098304,0.329568,0.177444,0.326812,0.147844
1.131504,0.163314,0.779823,-3.859278,0.391384,2.793832,-2.162660,-1.445012,-0.641971,0.435788,0.065044,-2.048198,2.592250,-0.107997,-2.172163,-0.872115,-1.603477,-4.365307,0.931264,-0.076917,1.034024,0.992571,0.178083,0.365635,0.721431,0.382335,0.371897,0.442435,0.868668,0.489334,1.226683,-0.029432,0.133436,0.744712,0.567214,0.422617,-0.200324,-0.304088,0.968310,0.305163
0.342000,-0.046041,0.403488,-0.806429,0.008058,0.786846,-0.621991,-0.173707,-0.267927,0.072049,0.241375,-1.024409,0.908050,-0.225149,-0.858384,-0.315216,-0.248868,-1.024780,0.250457,0.019417,0.533182,0.492472,0.329411,0.198330,0.226426,0.196214,0.160471,0.218312,0.267440,0.275078,0.035161,0.118283,0.327429,0.300458,0.211189,0.413180,0.427835,0.276423,0.671622,0.220471
0.148568,-0.083490,0.315291,-0.661065,0.043586,0.354056,-0.310184,-0.071122,0.084887,-0.021424,0.018938,-0.423107,0.544393,-0.196791,-0.319303,-0.129995,-0.260805,-0.789941,0.316915,0.037768,0.364791,0.264019,0.230282,0.101766,0.437851,0.160107,0.057527,0.170468,0.275781,0.112049,0.306589,0.077505,0.215922,0.329095,0.217531,0.278645,0.333111,0.012127,0.260528,0.108436
0.335396,0.086303,0.082107,-0.639223,0.016450,0.311039,-0.343663,-0.051267,-0.128931,0.060911,0.201302,-0.403993,0.508385,-0.101521,-0.356830,-0.175538,-0.134554,-0.517833,0.269747,0.024541,0.246894,0.351292,0.229068,0.137430,0.143903,0.108166,-0.007148,0.213798,0.302770,0.147176,0.049363,0.138161,0.254623,0.233136,0.187113,0.125359,0.273117,0.205729,0.369718,0.057590
0.910951,-0.018231,0.618309,-1.578588,0.192317,1.230207,-0.854118,-0.256681,-0.427200,0.678400,0.311725,-1.318435,1.517905,-0.291825,-1.087264,-0.719877,-0.768017,-2.055790,0.597602,0.104139,0.623657,0.626515,0.371768,0.253180,0.880407,0.352483,0.342851,0.533314,0.298637,0.285927,0.395669,0.253506,0.384074,0.700119,0.335064,0.300880,0.630131,0.303071,0.940704,-0.245635
0.390740,0.071047,0.380198,-0.798687,-0.021933,0.267950,-0.367260,-0.123046,0.085940,0.133718,0.157689,-0.490108,0.503033,-0.057874,-0.478159,-0.057621,-0.094145,-0.898366,0.286319,-0.007078,0.340263,0.377484,0.208596,0.175152,0.258130,0.180991,0.085557,0.207606,0.397360,0.189168,0.120264,0.115303,0.156431,0.310100,0.219611,0.155167,0.212303,0.143716,0.294084,0.002772
0.236878,-0.092295,0.201454,-0.749316,0.039091,0.311524,-0.267545,-0.092663,-0.040741,0.082790,0.011854,-0.250179,0.444100,-0.027205,-0.552084,-0.163091,-0.205750,-0.681239,0.154133,0.115048,0.295463,0.250906,0.439184,0.166983,0.321718,0.071765,0.112270,0.331147,0.319275,0.180546,0.092609,0.198528,0.106052,0.344953,0.151483,0.236375,0.294856,-0.009575,0.313314,-0.061135
0.399515,0.080092,0.226195,-1.298617,0.040385,0.752671,-0.645728,0.112255,-0.341386,0.299755,0.006000,-0.894446,1.057356,-0.290827,-0.972558,-0.144657,-0.444028,-1.112578,0.393171,-0.413779,0.700980,0.465150,0.296023,0.207328,0.404232,0.266495,0.110308,0.273542,0.443524,0.017208,0.225336,0.115121,0.357298,0.382249,0.252920,0.100065,0.664925,0.554338,0.800702,0.177386
0.454302,0.150040,0.306604,-0.820686,0.071805,0.197603,-0.433448,-0.100254,-0.093735,0.116218,-0.044894,-0.347895,0.620744,-0.100996,-0.519690,-0.077833,-0.108661,-0.880862,0.218790,-0.061633,0.139394,0.409456,0.145216,0.284323,0.093093,0.270991,0.065854,0.225169,0.328809,0.123823,0.120550,0.129952,0.268070,0.299721,0.272604,0.129687,0.432951,0.310669,0.302979,0.176473
0.244966,0.078418,0.193096,-0.626069,0.082067,0.302710,-0.379719,-0.293328,-0.059491,0.146498,0.015523,-0.209128,0.327831,0.076817,-0.471341,-0.065222,-0.211633,-0.565962,0.201875,0.062947,0.238430,0.230693,0.319975,0.112925,0.266639,0.168855,0.030734,0.251433,0.150637,0.111228,0.084244,0.116585,0.010439,0.369205,0.161285,0.053280,0.188074,0.024297,0.301808,0.037540
0.214480,-0.105407,0.254777,-0.717262,0.021249,0.370564,-0.368202,-0.131580,-0.007378,0.028418,0.236739,-0.513921,0.564139,-0.110201,-0.466145,-0.231649,-0.319104,-0.598862,0.254547,0.115155,0.293273,0.268142,0.331400,0.115064,0.267830,-0.006925,0.108197,0.303415,0.231454,0.186362,0.076300,0.107849,0.233003,0.244175,0.017390,0.176961,0.330036,0.161734,0.320902,0.030623
0.231205,-0.061406,0.122228,-0.626743,0.054002,0.227398,-0.209384,-0.114177,-0.049368,0.078158,0.061670,-0.261243,0.386814,-0.037458,-0.442385,-0.133508,-0.122164,-0.563077,0.238065,0.107180,0.208582,0.277385,0.314702,0.121882,0.234772,0.053565,0.044300,0.257313,0.314288,0.163771,0.104520,0.113790,0.114962,0.218321,0.056131,0.166121,0.279862,0.071569,0.270989,-0.006048
0.066788,-0.032269,0.490511,-1.256884,-0.009164,0.362852,-0.721121,-0.124035,-0.090555,-0.032979,0.180985,-0.666361,0.656334,-0.255251,-0.690476,-0.434041,-0.405984,-0.951316,0.460055,-0.198022,0.379109,0.469437,0.396338,0.082581,0.402905,0.109080,0.121199,0.202907,0.294628,0.287527,0.302617,-0.010511,0.111160,0.554234,0.138951,0.331996,0.205178,0.094372,0.398125,0.114245
0.195469,0.065072,0.520503,-0.995262,-0.031944,0.654990,-0.826072,-0.114021,0.131083,0.021014,0.050562,-0.753063,0.699178,-0.146202,-0.388018,-0.199817,-0.306431,-1.039813,0.394517,-0.045437,0.366578,0.335677,0.280174,0.140506,0.721496,0.369255,0.128931,0.396343,0.279205,0.128822,0.301037,0.002355,0.153934,0.628543,0.451977,0.254451,0.314085,0.132074,0.479361,0.077374
0.272096,0.109926,0.230036,-0.736988,-0.052493,0.629365,-0.460163,-0.143439,-0.087880,0.131590,-0.072491,-0.364672,0.463046,-0.019920,-0.387648,-0.152662,-0.099725,-0.940712,0.446701,-0.069812,0.274287,0.223976,0.097012,0.086746,0.486700,0.213228,-0.062358,0.311765,0.180366,0.093032,0.261969,0.048229,0.027007,0.421562,0.472664,0.328101,0.261327,0.073624,0.320510,0.089127
1.157194,0.353125,0.562608,-1.541571,-0.208298,0.737622,-0.805687,-0.248947,0.020408,0.546665,0.489760,-0.776044,1.087361,-0.409428,-0.729236,-0.301924,-0.753303,-1.831194,0.567781,-0.116059,0.699364,0.538670,0.276421,-0.072260,0.498409,0.269819,-0.195139,0.283208,0.103715,0.411748,0.379201,-0.218409,0.130476,0.562986,0.310870,-0.119701,0.262007,0.172593,0.526504,0.011795
0.518528,0.215149,0.446479,-1.349985,-0.011804,0.604955,-0.929221,-0.208774,0.151765,0.100664,0.099132,-0.818152,0.670253,-0.229467,-0.726985,-0.179039,0.000602,-1.173603,0.406008,-0.019531,0.537390,0.445819,0.350059,0.355453,0.462580,0.603358,0.044871,0.283406,0.264060,0.187658,0.226569,0.006432,0.144883,0.627079,0.415402,0.268440,0.457665,0.283031,0.504163,0.260798
0.417524,0.370324,0.478086,-1.143565,0.196659,0.977806,-1.058960,-0.149937,0.141620,0.238182,0.134138,-1.052705,1.427721,-0.045525,-0.695292,-0.303312,-0.464035,-1.365856,0.624582,-0.149591,0.528540,0.599779,0.459506,0.109806,0.700763,0.564495,0.130385,0.513900,0.435729,0.478475,0.286748,0.286810,0.437382,0.580800,0.700444,0.236223,0.517610,0.205654,0.864797,0.064912
0.092818,0.174537,0.254286,-1.105834,-0.140112,0.734688,-0.724437,-0.200871,0.018870,0.001848,0.390740,-0.782141,1.023862,-0.170791,-0.567989,-0.391833,-0.310639,-0.940298,0.292087,-0.170073,0.347056,0.455794,0.374895,0.042890,0.425749,0.383480,0.184128,0.316464,0.346656,0.113482,0.223834,0.071691,0.182359,0.529627,0.346119,0.287476,0.274206,0.202327,0.582775,0.307418
0.560181,-0.086695,0.232321,-1.145691,0.053552,0.523575,-0.964805,-0.275167,-0.165933,0.192393,0.360884,-0.642513,0.914534,-0.423291,-0.640313,-0.481886,-0.329915,-0.903159,0.359869,-0.090397,0.541086,0.415997,0.421832,0.146522,0.268019,0.275756,-0.059763,0.270221,0.242259,0.138101,0.224046,0.323772,0.434974,0.593077,0.304389,0.375694,0.330714,0.241157,0.686873,0.223267
0.070688,-0.021094,0.265341,-0.984680,-0.009568,0.253773,-0.478643,-0.150692,-0.066869,0.076057,-0.054622,-0.430956,0.561943,-0.193034,-0.533202,-0.196229,-0.206096,-0.770673,0.282575,-0.042038,0.348879,0.365774,0.277754,0.215023,0.334598,0.298470,0.027495,0.163166,0.246425,0.078498,0.276899,0.141791,0.144005,0.349433,0.147036,0.287600,0.343710,0.159959,0.320247,0.069103
0.490866,0.021550,0.270140,-0.940186,-0.012525,0.452286,-0.686064,-0.146515,-0.052083,0.094168,0.279980,-0.711087,0.851691,-0.330433,-0.540811,-0.386373,-0.091365,-0.804452,0.465140,-0.040908,0.393559,0.363071,0.232077,0.290391,0.317533,0.386336,-0.000737,0.353260,0.270666,0.212866,0.197449,0.192052,0.232704,0.486424,0.481637,0.273666,0.185974,0.207255,0.369249,0.204956
0.202309,0.345545,0.335254,-1.153783,0.175558,0.578063,-0.792046,-0.030953,-0.147433,-0.191736,0.190184,-0.678029,0.886692,-0.294295,-0.421392,-0.237702,-0.263794,-1.117963,0.338893,-0.085305,0.318468,0.443045,0.135003,0.259321,0.498018,0.251111,0.177477,0.422505,0.305995,-0.074026,0.235147,0.154744,0.342560,0.679444,0.431217,0.156651,0.435281,0.122260,0.593665,0.333708
0.046811,0.006151,0.370002,-0.864579,-0.157062,0.398345,-0.428256,-0.122995,-0.004739,0.116422,0.157156,-0.539750,0.593048,-0.154021,-0.448023,-0.189853,-0.186722,-0.837751,0.442670,-0.201388,0.295752,0.414920,0.017268,0.110406,0.408138,0.380106,0.128099,0.189344,0.356335,0.051803,0.190906,-0.037235,0.182907,0.406412,0.196498,0.267764,0.296956,0.223158,0.403457,0.089836
0.226931,-0.014122,0.329398,-0.971919,-0.098181,0.631314,-0.732141,-0.160098,0.055790,0.099473,0.166581,-0.905014,0.856493,-0.225706,-0.625599,-0.264220,-0.156379,-0.823512,0.294332,0.036608,0.362253,0.370999,0.199713,0.261166,0.493669,0.545384,0.037045,0.238524,0.256700,0.161569,0.278290,0.138116,0.213711,0.471671,0.278117,0.213688,0.337517,0.196588,0.349571,0.113387
0.596552,0.200568,0.347493,-1.034083,-0.155421,0.758981,-0.673721,-0.101108,0.187703,0.173388,0.407893,-0.854913,1.227478,-0.221796,-0.457014,-0.464326,-0.285770,-1.231415,0.449319,-0.104724,0.494603,0.392251,0.019034,0.116799,0.495670,0.414049,0.057331,0.120306,0.259242,0.317961,0.125459,-0.034675,0.424117,0.412063,0.387422,0.237442,0.134960,0.208748,0.511398,0.124036
0.342111,0.082879,0.543766,-0.851364,0.105399,0.444394,-0.636391,-0.036943,0.376125,0.200707,0.100807,-0.673169,0.584768,-0.373272,-0.377150,-0.213450,-0.124285,-1.175692,0.585531,-0.145344,0.456596,0.347558,0.227592,0.151764,0.835903,0.251218,0.051351,0.382693,0.187515,0.067905,0.156696,-0.067367,0.153711,0.494955,0.496473,0.288236,0.264165,0.121362,0.237546,0.076063
0.185372,-0.100608,0.248373,-0.369065,0.058356,0.347003,-0.299613,-0.042959,0.028104,0.037840,0.095193,-0.490645,0.527502,-0.201384,-0.234164,-0.179678,-0.186398,-0.537779,0.203009,0.017408,0.232477,0.261793,-0.091563,0.162182,0.416597,0.204110,-0.131531,0.080942,0.073290,0.132209,0.100734,0.064934,0.108513,0.202063,0.242437,0.168912,0.226359,0.137127,0.173739,0.117665
0.231797,0.033560,0.361633,-0.927508,-0.158760,0.640403,-0.808055,-0.240957,0.073954,0.113216,0.006432,-0.838585,0.727623,-0.103176,-0.545064,-0.340773,-0.128579,-0.874225,0.411367,-0.068240,0.403916,0.407684,0.190773,0.235617,0.377713,0.389544,0.073043,0.256424,0.173503,0.270642,0.312511,0.023860,0.176199,0.433372,0.366881,0.479004,0.137646,0.241653,0.370809,0.233033
0.519335,0.164428,0.884143,-1.949891,-0.118680,1.471398,-1.111028,-0.301282,0.188714,0.160066,0.467442,-1.605491,1.605738,-0.374074,-1.296103,-0.732935,-0.382426,-1.962940,0.743279,-0.392231,0.557142,0.773852,0.688279,0.218475,0.979545,0.775839,-0.204184,0.456016,0.328178,0.251431,0.442147,-0.103440,0.249379,0.462139,0.673250,0.709316,0.533792,0.568616,0.848608,0.483057
0.295372,-0.060586,0.267206,-0.358978,0.109032,0.294434,-0.251016,-0.114033,-0.052305,0.065498,-0.085743,-0.307781,0.459344,-0.092704,-0.185272,-0.047838,0.027402,-0.585232,0.206330,0.061769,0.196442,0.125535,-0.016065,0.106506,0.390740,0.224181,-0.000262,0.219746,0.128190,0.100404,0.079634,0.026173,0.106195,0.167877,0.320844,0.145094,0.148607,0.186211,0.192761,0.030129
0.230020,0.009892,0.147434,-0.541585,0.084998,0.291732,-0.301521,-0.100436,-0.034944,0.118212,0.037777,-0.227886,0.315160,-0.012940,-0.429324,-0.082545,-0.156412,-0.509192,0.136489,0.073126,0.218889,0.203767,0.272975,0.148376,0.248224,0.086894,0.041215,0.272019,0.222984,0.151141,0.081030,0.178692,0.126137,0.296639,0.160076,0.045901,0.295443,0.037834,0.283239,-0.020068
0.754424,0.246309,0.433928,-2.509898,-0.238077,1.788274,-1.406542,0.085537,-0.534005,0.690154,0.706988,-1.498196,1.845717,-0.698102,-1.553401,-1.076896,-1.638149,-2.305492,0.854269,-0.716677,0.952770,0.790158,0.555824,0.239918,0.619467,0.355085,-0.427778,0.374616,0.164415,0.227947,0.447930,0.061169,0.676268,1.467338,0.371458,-0.024738,1.103706,0.578308,1.714680,0.068980
0.801816,0.356878,0.615900,-1.301198,-0.155756,0.812547,-0.816055,0.004883,0.097429,0.423696,0.501753,-1.192665,1.416877,-0.233666,-0.691955,-0.293125,-0.139617,-1.340760,0.512613,0.146773,0.761494,0.255013,0.440676,0.037267,0.686305,0.609775,0.061088,0.137612,0.376148,0.504571,0.187100,0.055559,0.492373,0.594675,0.316821,0.120827,0.276763,0.160849,0.518382,-0.172345
0.691195,0.533659,0.672360,-2.130341,-0.224865,1.258128,-1.150387,-0.362172,0.271629,0.284821,0.345302,-1.190870,1.651256,-0.803426,-0.686152,-0.609576,-0.343368,-2.259447,0.932205,-0.814111,0.297016,0.657803,0.488387,0.123118,0.752088,1.044200,-0.067369,0.633510,0.223223,0.433763,0.561538,0.069031,0.455571,0.744396,0.865683,0.748255,0.353829,0.411260,0.997816,0.398125
0.376900,-0.038973,0.394123,-0.722709,0.090644,0.311617,-0.154702,0.026075,-0.000564,0.169593,0.195525,-0.333191,0.528661,-0.224036,-0.550502,-0.175954,-0.081260,-0.800193,0.224912,0.137898,0.466273,0.357455,0.218719,0.156265,0.242998,0.197379,0.208074,0.256434,0.410084,0.144251,0.130315,0.113340,0.277805,0.275403,0.197514,0.218977,0.259931,0.180496,0.294046,-0.028829
0.266725,-0.011814,0.178860,-0.392644,0.038446,0.273374,-0.166246,-0.060331,-0.089026,0.108182,0.058674,-0.230525,0.344304,0.032909,-0.340807,-0.106298,-0.079423,-0.514110,0.035593,0.073746,0.307229,0.140575,0.159448,0.116628,0.288118,0.065741,0.024135,0.105284,0.182604,0.164264,0.100779,0.093298,0.110254,0.194253,0.171747,0.063148,0.265651,-0.002325,0.213308,-0.015482
0.055396,0.056253,0.405432,-1.064664,0.045162,0.611995,-0.735434,-0.253364,0.009689,0.037396,0.105910,-0.724594,0.701791,-0.071030,-0.509662,-0.242763,-0.525950,-0.739633,0.299304,-0.158190,0.365570,0.335063,0.284855,0.207419,0.540970,0.146832,-0.001473,0.193143,0.122095,0.220725,0.265717,0.033417,0.143804,0.393667,0.157273,0.199933,0.280249,0.261486,0.581821,0.004791
0.583280,0.264097,0.482225,-1.035711,-0.245493,0.749615,-0.424086,-0.148024,0.299653,0.170223,0.230508,-0.938475,0.673765,-0.151668,-0.448208,-0.153481,-0.156858,-1.153516,0.429182,-0.200757,0.485849,0.374754,0.555236,0.029819,0.590910,0.532651,-0.178897,0.244769,0.251853,0.203330,0.181155,0.083002,0.118319,0.573389,0.496563,0.212816,0.097844,0.085564,0.403428,0.072171
0.356410,0.171270,0.338972,-1.003505,0.081539,0.622377,-0.778990,-0.091543,-0.010135,0.159401,0.096006,-0.938044,0.853449,-0.276830,-0.730857,-0.220337,-0.229576,-0.937735,0.411845,-0.036766,0.388626,0.477054,0.266674,0.302866,0.401089,0.325590,0.045738,0.403829,0.190488,0.129443,0.121179,-0.060366,0.222153,0.561904,0.374058,0.285390,0.407062,0.251876,0.384897,0.233487
0.312406,-0.125048,0.282740,-0.649900,0.061507,0.249326,-0.260223,-0.179934,-0.121450,0.126825,-0.008908,-0.334814,0.505581,-0.157454,-0.344076,-0.147373,-0.169057,-0.688657,0.209247,0.081081,0.269846,0.139503,0.301629,0.088655,0.320471,0.119676,0.046269,0.149105,0.229972,0.227446,0.145575,0.104782,0.118711,0.191934,0.148899,0.303373,0.199345,0.033792,0.282987,0.031458
0.774429,0.206761,0.648779,-1.658815,-0.247344,0.699070,-0.960375,-0.162955,0.166516,0.115344,0.678726,-0.980674,1.115224,-0.560992,-0.742699,-0.637105,-0.415436,-1.260232,0.748555,-0.140746,0.602394,0.476808,0.707684,0.142227,0.531086,0.240839,-0.220531,0.083047,0.385870,0.476981,0.313694,0.259509,0.186795,0.705994,0.262255,0.293130,0.016474,0.185465,0.606962,0.263483
0.313095,0.071655,0.475426,-0.999555,-0.006451,0.460560,-0.651200,0.127656,0.000567,-0.124609,0.316715,-0.560350,0.749919,-0.334915,-0.527608,-0.388112,-0.224136,-0.962548,0.308781,-0.168856,0.251768,0.397861,0.427340,0.213105,0.441562,0.419235,-0.062329,0.093376,0.269769,0.043069,0.129521,0.197559,0.231643,0.493814,0.224462,0.219275,0.293924,0.066428,0.587280,0.234689
0.290142,0.000329,0.502099,-0.715606,-0.015256,0.497963,-0.330438,-0.046115,-0.000019,0.237553,0.155273,-0.484169,0.350386,0.014789,-0.520775,-0.098950,-0.277928,-0.808187,0.184965,0.159940,0.307516,0.210343,0.378536,0.139825,0.291294,-0.004275,0.073411,0.385667,0.298507,0.184763,0.005684,0.098001,0.069186,0.380781,0.128535,0.101161,0.280906,0.090703,0.271059,-0.091683
0.169996,0.141446,0.411633,-0.866361,0.044716,0.320675,-0.513855,-0.034342,0.003899,0.109357,0.019544,-0.466856,0.425000,-0.084087,-0.522110,-0.090662,-0.195448,-0.706377,0.356678,-0.003906,0.367627,0.351710,0.142667,0.199985,0.410675,0.333543,0.173889,0.309204,0.277787,0.047533,0.208556,0.052909,0.151698,0.482536,0.253779,0.248646,0.299691,0.206403,0.295606,-0.080633
0.269169,0.083485,0.283745,-0.948993,-0.100762,0.540664,-0.468903,-0.217401,-0.078020,0.265477,0.274197,-0.591349,0.473388,0.044653,-0.591856,-0.210948,-0.433367,-0.845044,0.379091,-0.088691,0.333608,0.406473,0.416959,0.222112,0.250870,0.062789,0.025037,0.347610,0.352341,0.165901,0.086912,0.067664,-0.033852,0.425196,0.166929,0.059978,0.231506,0.115094,0.542579,0.052861
0.293824,-0.066484,0.341000,-0.654999,0.059480,0.347133,-0.427514,-0.263309,0.000243,0.005313,0.027512,-0.480039,0.545918,-0.041335,-0.412712,-0.188040,-0.044980,-0.680718,0.200826,0.068018,0.290538,0.227067,0.145332,0.116749,0.282611,0.258299,-0.002104,0.156771,0.119683,0.139817,0.092245,0.061487,0.126409,0.298697,0.200173,0.182168,0.193702,0.153518,0.170491,0.035114
0.481926,0.346967,0.498819,-2.232462,-0.176893,1.291073,-0.739929,-0.522860,0.168784,0.424415,0.232581,-1.669407,1.935649,-0.351193,-1.399971,-0.648866,-0.627846,-2.571595,0.879586,-0.490822,0.790048,0.757915,0.186928,0.399836,0.655025,0.505923,0.054206,0.718147,0.327945,0.273687,0.379599,-0.320020,0.284666,0.634850,0.698995,0.652275,0.566613,0.532276,0.778204,0.169855
0.319964,0.323618,0.487400,-1.162228,0.051815,0.687224,-0.595132,0.031185,0.307775,0.165964,0.057231,-0.797946,0.696507,-0.251765,-0.585374,-0.317547,-0.319350,-1.205538,0.475078,-0.046756,0.614562,0.368205,0.392082,0.102346,0.775937,0.311860,0.161102,0.587325,0.297332,0.296946,0.370365,-0.165983,0.231992,0.425611,0.576722,0.465033,0.383089,0.134351,0.251687,-0.141995
0.171467,-0.074156,0.201958,-0.540728,0.045740,0.298289,-0.207264,-0.058791,0.031724,-0.013436,0.041102,-0.254069,0.426041,-0.067603,-0.387348,-0.139722,-0.174197,-0.574246,0.219866,0.076567,0.265079,0.246821,0.292642,0.116271,0.314272,0.125648,0.038051,0.232427,0.268288,0.135133,0.163715,0.134562,0.113172,0.220553,0.122821,0.227757,0.304546,-0.003779,0.243176,0.044174
0.419049,-0.163476,0.514767,-0.716400,0.050787,0.489775,-0.433841,-0.248201,0.087494,0.055512,0.244926,-0.634519,0.902924,-0.174416,-0.538526,-0.289409,-0.257341,-1.018586,0.134937,0.058460,0.555117,0.121507,0.407478,0.190094,0.335148,0.044341,0.024309,0.173999,0.318393,0.288069,0.135170,0.187442,0.343250,0.275664,0.225275,0.266187,0.343408,0.051491,0.452905,0.100102
0.161469,-0.016942,0.212153,-0.482418,0.029216,0.348765,-0.222362,0.042529,0.034679,0.007349,0.097387,-0.344387,0.377572,-0.140143,-0.324241,-0.125011,-0.168134,-0.505120,0.267435,0.028163,0.234921,0.269308,0.170503,0.071120,0.245255,0.176526,0.028735,0.212432,0.258335,0.044959,0.163494,0.072468,0.119223,0.276940,0.111194,0.191009,0.335102,0.103419,0.252118,0.083991
0.362519,-0.068101,0.477306,-1.138941,-0.135684,0.655365,-0.822248,0.021021,0.020863,-0.001319,0.478053,-0.952447,0.876719,-0.362974,-0.555504,-0.371409,-0.249383,-1.104448,0.348096,-0.111061,0.486726,0.507332,0.484229,0.247951,0.460089,0.414016,-0.088012,0.055386,0.352242,0.164624,0.104683,0.149345,0.233921,0.547987,0.238991,0.244918,0.320754,0.197412,0.697179,0.212862
0.295702,0.051433,0.349184,-0.462212,0.120202,0.436396,-0.365143,-0.115240,0.119670,0.057370,0.132833,-0.558273,0.548342,-0.199271,-0.296643,-0.069126,-0.124790,-0.654021,0.144038,-0.072598,0.205789,0.128151,-0.028768,0.074864,0.290677,0.063457,-0.033915,0.176614,0.029856,0.183639,-0.138962,0.048049,0.091493,0.273241,0.199255,0.091140,0.261723,0.220237,0.265557,0.039002
0.265236,-0.030560,0.155338,-0.494550,-0.009319,0.209138,-0.182253,-0.063551,-0.069824,0.045746,0.086261,-0.199964,0.459504,-0.066288,-0.253951,-0.190227,-0.018860,-0.538488,0.310344,0.097688,0.179785,0.289799,0.165506,0.054770,0.275464,0.182241,-0.112218,0.240024,0.272199,0.129071,0.139080,0.113441,0.096697,0.165485,0.179174,0.184350,0.210945,0.157748,0.144985,0.143018
0.215568,-0.017046,0.458689,-0.528622,0.017622,0.466266,-0.164526,-0.052787,0.091278,0.266685,0.150635,-0.491772,0.516526,-0.220340,-0.401678,-0.232527,-0.237263,-0.820610,0.375406,0.006513,0.274098,0.356734,0.255281,0.016357,0.381176,0.190178,0.062387,0.401153,0.305488,0.076547,0.013927,0.107078,0.025409,0.364014,0.175563,0.215643,0.356614,0.163344,0.306614,0.110586
0.543966,0.160766,0.245502,-0.890740,0.017408,0.421661,-0.489234,-0.115402,-0.134347,0.169968,0.078564,-0.347867,0.667183,-0.094920,-0.589579,-0.229118,-0.038684,-0.992674,0.203657,-0.098816,0.286562,0.535565,0.366452,0.267031,0.094266,0.236581,-0.024019,0.243626,0.506675,0.192145,0.130010,0.260934,0.259001,0.364157,0.257559,0.120243,0.480251,0.181367,0.508024,0.191210
0.409559,0.280308,0.481839,-1.005766,-0.200128,0.719320,-0.696778,-0.107482,0.191224,0.135437,0.178306,-0.828714,0.657754,-0.154647,-0.718957,-0.293395,-0.260759,-1.350587,0.418790,-0.193751,0.615932,0.604559,0.620710,0.254657,0.409711,0.396170,0.046779,0.211700,0.391656,0.379482,0.027214,-0.063841,-0.001422,0.615034,0.315261,0.333961,0.247102,0.114890,0.618071,0.333176
0.615302,0.304216,0.619347,-2.317035,-0.012273,1.457590,-1.297278,-0.509340,0.362037,0.373282,0.512302,-1.238607,1.912690,-0.755429,-0.784917,-0.601525,-0.696333,-2.171804,0.786571,-0.699662,0.422282,0.613140,0.456483,0.160153,1.012126,0.679759,-0.098084,0.679278,0.354044,0.299068,0.440322,0.125483,0.452812,0.896816,0.989026,0.445109,0.483372,0.506373,1.164793,0.251044
0.296971,0.031776,0.247078,-0.507472,0.018117,0.216685,-0.236189,-0.136669,-0.044215,0.065796,0.120491,-0.345398,0.373672,-0.171348,-0.436232,-0.142542,-0.051622,-0.619570,0.217101,0.058944,0.300410,0.283062,0.189535,0.044520,0.158069,0.083394,-0.033316,0.181394,0.287779,0.267486,0.004496,-0.008933,0.130800,0.213703,0.159149,0.157279,0.119908,0.151080,0.243077,0.046292
0.024129,0.000304,0.427213,-0.995197,-0.200474,0.422651,-0.738233,-0.096852,0.051803,0.099099,0.145945,-0.808944,0.686776,-0.252935,-0.458707,-0.299916,-0.104604,-0.859738,0.422626,-0.201026,0.396116,0.406540,0.250987,0.174281,0.570289,0.513373,0.043837,0.130668,0.261750,0.104097,0.271515,0.036279,0.101113,0.514035,0.240505,0.331000,0.296048,0.247815,0.477284,0.180233
0.318074,0.113918,0.306091,-1.183762,0.002802,0.561573,-0.545636,-0.100685,0.144310,0.020334,0.281064,-0.709462,1.034610,-0.194044,-0.568382,-0.177071,-0.273192,-0.922255,0.413189,-0.037295,0.450904,0.303821,-0.050948,0.174985,0.410841,0.354182,0.219972,0.336216,0.293418,0.072624,0.292909,0.088321,0.379094,0.598659,0.412268,0.254961,0.288472,0.374046,0.292083,0.084638
0.363397,-0.015597,0.619435,-0.789499,0.038239,0.341626,-0.254735,0.024184,0.039757,0.262661,0.165789,-0.452019,0.404914,-0.248565,-0.572015,-0.216297,-0.173862,-0.940033,0.353054,0.144334,0.486515,0.359324,0.373885,0.135896,0.425586,0.163116,0.158964,0.268054,0.464826,0.119956,-0.004143,0.104422,0.235596,0.428393,0.128630,0.197601,0.310945,0.146147,0.296678,-0.075320
0.543982,0.606750,0.819744,-1.750800,-0.126699,1.027674,-1.574513,-0.170322,0.189433,0.361507,0.464615,-1.700519,1.928552,-0.596142,-0.850905,-0.343578,-0.464515,-1.890426,1.006795,-0.003309,0.934604,0.545669,0.463948,0.210912,1.360894,0.699249,-0.058863,0.669086,0.704993,0.077879,-0.000401,-0.142505,0.223982,0.598677,0.838632,0.326037,0.488237,0.235310,0.669332,0.628470
0.238740,-0.147411,0.638637,-0.882201,-0.046164,0.632716,-0.558172,-0.215514,-0.032917,0.257928,0.171235,-0.792318,0.765646,-0.219130,-0.600253,-0.308076,-0.264323,-0.992721,0.370938,0.122217,0.526520,0.352760,0.222201,0.204479,0.434392,0.225710,0.092980,0.313040,0.297785,0.170961,0.229901,0.056628,0.286195,0.277225,0.161811,0.269134,0.323904,0.214506,0.365817,0.111410
0.118921,0.323294,0.196818,-0.688427,0.047350,0.301279,-0.587020,0.013271,0.043941,0.071694,0.006942,-0.437160,0.541131,-0.201412,-0.257519,-0.071729,-0.001126,-0.598370,0.327241,-0.227915,0.189818,0.310172,0.147106,0.126027,0.294721,0.331328,0.012864,0.323604,0.193718,0.051033,0.146314,0.044903,0.163856,0.445155,0.222546,0.125082,0.333907,0.307901,0.381529,0.172513
0.247619,0.048344,0.381879,-0.781089,0.192639,0.511977,-0.771680,-0.121940,0.207292,0.051241,-0.059587,-0.713460,0.740158,-0.125041,-0.270518,-0.147655,-0.082831,-0.951350,0.267718,0.005867,0.350121,0.237959,-0.058194,0.212166,0.640771,0.287341,0.061896,0.395732,0.266316,0.013165,0.310740,-0.104331,0.177987,0.458320,0.374225,0.190782,0.427440,0.252450,0.413303,-0.088360
0.671393,0.314147,0.551239,-1.118463,0.113947,0.839806,-1.244217,0.017456,0.369309,0.471343,-0.005451,-1.084760,1.238959,-0.008442,-0.327791,-0.243137,-0.382516,-1.280627,0.688587,-0.175966,0.450972,0.450449,0.130083,0.220091,0.909160,0.633311,-0.072161,0.399482,0.208559,0.418685,0.357880,0.052612,0.243102,0.714099,0.510553,-0.004998,0.314170,0.002257,0.516016,0.015613
0.362529,0.221959,0.337896,-0.967912,0.122494,0.594162,-0.744006,-0.167737,0.006543,0.059325,0.043431,-0.601170,0.662761,-0.238748,-0.659771,-0.033679,-0.122470,-0.974977,0.240321,0.034638,0.537480,0.386773,0.211423,0.160276,0.341094,0.301032,0.058112,0.410134,0.221114,0.101471,0.220542,-0.027147,0.315225,0.546445,0.472489,0.269086,0.386944,0.321797,0.486008,0.225643
0.352798,0.103370,0.181634,-0.637922,0.041163,0.250219,-0.244504,-0.066857,-0.093938,0.117164,0.091247,-0.355950,0.506774,-0.119594,-0.387904,-0.189054,-0.026958,-0.595655,0.297069,0.029022,0.244676,0.340832,0.191760,0.123138,0.196003,0.145622,-0.000302,0.272215,0.348361,0.184235,0.090297,0.070240,0.226767,0.180034,0.233778,0.168072,0.247987,0.241102,0.273829,0.090186
0.239216,-0.125681,0.314869,-0.711005,-0.011212,0.351706,-0.311861,-0.133721,0.036863,0.020604,0.067803,-0.416312,0.558502,-0.156717,-0.457689,-0.185222,-0.220589,-0.799375,0.241557,0.034926,0.382011,0.264547,0.337264,0.137983,0.238892,0.094156,0.120212,0.230195,0.344180,0.171463,0.178377,0.122844,0.188101,0.285484,0.098870,0.293750,0.302247,0.129885,0.313097,0.000127
0.534325,0.276035,0.261462,-1.185408,0.040790,0.425559,-0.557371,0.028906,0.001252,0.353469,0.234563,-0.562060,0.796721,-0.453474,-0.539084,-0.329230,-0.128133,-0.831276,0.558530,-0.039565,0.413257,0.418778,0.214920,0.316281,0.473619,0.375049,0.040006,0.332962,0.050564,0.066671,0.099430,0.150898,0.216795,0.463958,0.248541,0.047188,0.296880,0.303133,0.236173,0.065844
0.095709,0.052938,0.245304,-0.589541,0.026111,0.419528,-0.559049,-0.056171,0.079407,0.076764,-0.044913,-0.545739,0.551657,-0.087291,-0.327189,-0.161484,-0.204454,-0.613573,0.258269,-0.003629,0.234888,0.242298,0.091113,0.097369,0.460356,0.256987,0.016899,0.288015,0.197295,0.057266,0.253219,-0.101370,0.068513,0.304731,0.223405,0.118997,0.357531,0.267665,0.342750,0.011707
0.035269,0.060907,0.387425,-0.974616,0.009769,0.785227,-0.759753,-0.247833,-0.006145,0.064467,0.339563,-0.538206,0.796769,-0.150549,-0.513579,-0.312967,-0.531883,-0.826590,0.223489,-0.188932,0.246115,0.235626,0.185266,0.044378,0.422019,0.310121,0.052391,0.154594,0.189833,0.122139,0.332783,0.182702,-0.013651,0.598281,0.306821,0.091101,0.254975,0.227335,0.536272,0.019583
0.532130,-0.078074,0.602293,-0.727632,0.009720,0.558946,-0.382329,0.074638,-0.017930,0.301915,0.439140,-0.736192,0.601152,-0.236785,-0.515542,-0.194993,-0.093036,-1.033271,0.252752,0.219793,0.520790,0.243609,0.121102,0.289369,0.231608,0.147125,0.029395,0.045169,0.432995,0.156833,-0.067113,0.086432,0.132939,0.447208,0.040246,0.009738,0.322183,-0.000816,0.352656,0.024408
0.483435,0.048769,0.424597,-1.161385,-0.214418,0.707434,-0.685717,-0.305732,-0.061678,0.299744,0.263055,-0.950253,0.901033,-0.197007,-0.566920,-0.505000,-0.110833,-1.166902,0.566361,-0.054725,0.546709,0.668075,0.347573,0.235092,0.552141,0.505324,0.104297,0.286696,0.465295,0.230151,0.069139,0.109800,0.166135,0.533896,0.413200,0.306061,0.172494,0.276935,0.485985,0.183160
0.467706,0.171085,0.434041,-0.868607,-0.116020,0.482052,-0.451751,-0.223909,0.198067,-0.025516,0.241358,-0.742931,0.987414,-0.160602,-0.437542,-0.379802,-0.232580,-1.176175,0.319607,-0.026476,0.492131,0.276584,0.267250,0.117863,0.400706,0.170633,0.051741,0.221659,0.291900,0.293114,0.194513,0.057271,0.273945,0.330676,0.372943,0.309721,0.247611,0.183927,0.523099,0.219646
0.444675,-0.055141,0.608608,-0.905889,0.041138,0.633592,-0.542122,-0.310712,0.145266,0.042377,-0.064554,-0.614391,0.660653,0.015645,-0.533510,-0.238607,-0.208061,-1.035561,0.245981,0.043237,0.439495,0.181874,0.200480,0.184733,0.468104,0.258887,0.132151,0.296044,0.247864,0.192597,0.284450,0.060481,0.108306,0.417003,0.271318,0.226734,0.245736,0.117617,0.353065,-0.059495
0.139856,-0.028421,0.360462,-0.579010,0.136802,0.289677,-0.443155,0.004308,0.088262,0.060064,0.009826,-0.505785,0.604464,-0.272649,-0.182939,-0.222960,-0.097333,-0.797554,0.170207,-0.006262,0.372211,0.260200,0.081544,0.215976,0.492748,0.321953,0.010931,0.139635,0.190713,0.016352,0.310731,-0.001274,0.331020,0.279887,0.340829,0.187682,0.286952,0.166287,0.330960,0.115214
0.199314,0.073684,0.396944,-0.666717,0.061487,0.344448,-0.361076,-0.003780,0.138523,0.076402,0.014537,-0.396913,0.493576,-0.195517,-0.300698,-0.035065,-0.228086,-0.781084,0.347474,-0.141509,0.269396,0.363689,0.117494,0.073996,0.410500,0.234523,0.116975,0.379510,0.253121,0.146764,0.070007,0.006746,0.205337,0.429160,0.250838,0.209558,0.263295,0.095891,0.242017,0.055978
0.621203,0.025071,0.611882,-0.765745,0.052585,0.653915,-0.662465,-0.167987,0.119014,0.157128,0.130717,-0.677383,0.845764,-0.291970,-0.534960,-0.291011,-0.216822,-1.031396,0.591578,0.089180,0.397927,0.421821,0.024631,0.208461,0.377567,0.326663,-0.034540,0.241838,0.211660,0.275286,0.137282,0.025549,0.103417,0.557329,0.391301,0.145740,0.281142,0.130968,0.182678,0.085173
0.144940,0.014450,0.230358,-0.575822,0.088442,0.238980,-0.373275,-0.135130,0.020930,-0.058642,0.154555,-0.376604,0.447124,-0.146524,-0.303437,-0.128298,-0.206240,-0.474829,0.195527,-0.127696,0.213400,0.197252,0.154717,0.106034,0.289567,0.162139,0.005325,0.097557,0.097876,0.136086,-0.002969,-0.033661,0.173586,0.280115,0.129291,0.140511,0.206374,0.160757,0.400340,0.071420
0.364423,0.110612,0.461111,-0.780463,0.064757,0.678114,-0.742590,-0.118903,0.046776,0.218662,0.285120,-0.790544,0.772736,-0.217517,-0.587356,-0.442670,-0.249784,-1.014113,0.393677,-0.004627,0.398061,0.393329,0.120460,0.398178,0.377498,0.333403,-0.111310,0.139043,0.213039,0.312671,0.065752,0.108106,0.021733,0.273098,0.099736,0.206562,0.310351,-0.036659,0.329505,0.140916
0.533745,0.023931,0.477793,-1.210382,0.046152,0.591206,-0.851511,-0.376991,0.064769,0.156070,0.224729,-0.674083,1.209054,-0.373826,-0.570268,-0.516500,-0.309049,-1.107082,0.319765,-0.044585,0.438095,0.415740,0.469846,0.125025,0.287343,0.178714,0.071928,0.120643,0.260114,0.209082,0.272930,0.309174,0.424840,0.593255,0.355688,0.398788,0.275084,0.253005,0.699934,0.216567
0.291653,0.100000,0.268932,-0.545705,0.047177,0.408761,-0.246356,-0.037786,0.038312,0.122662,0.000802,-0.420508,0.615618,-0.124726,-0.211771,-0.135661,-0.056660,-0.712219,0.324230,-0.025591,0.228048,0.306095,-0.000383,0.086349,0.435903,0.205520,-0.023065,0.353641,0.203738,0.064138,0.168765,0.021389,0.181352,0.199435,0.325595,0.270003,0.239334,0.275520,0.226266,0.114787
0.243200,0.042769,0.224905,-0.681444,0.127455,0.338203,-0.453696,-0.060431,0.062366,0.009908,0.016096,-0.406218,0.602344,-0.200178,-0.200789,-0.180337,-0.017654,-0.766913,0.280318,-0.051336,0.211451,0.224761,-0.006748,0.086572,0.451569,0.191130,-0.061266,0.268560,0.092651,-0.000342,0.204573,0.100132,0.255528,0.356146,0.393058,0.205479,0.212852,0.154999,0.194804,0.074560
0.159835,-0.116529,0.230289,-0.643640,0.045756,0.365228,-0.365958,-0.172272,-0.018378,0.023933,0.038661,-0.426299,0.464194,-0.096457,-0.463183,-0.167919,-0.310296,-0.571834,0.209949,0.073600,0.252153,0.288813,0.326598,0.103996,0.319350,0.049549,0.046430,0.199991,0.201141,0.193686,0.097388,0.090673,0.184494,0.218147,-0.003543,0.173838,0.339885,0.084401,0.350527,0.054499
0.155429,0.079172,0.364957,-0.909814,-0.041545,0.697360,-0.530264,-0.149858,0.121937,-0.054279,0.109781,-0.623476,0.822698,-0.101390,-0.547722,-0.265550,-0.370403,-1.028789,0.146542,-0.175899,0.371979,0.373407,0.413316,0.203787,0.348301,-0.005816,0.078247,0.277577,0.295936,0.228916,0.185567,-0.002403,0.159585,0.386122,0.315129,0.358935,0.392999,0.071622,0.403730,0.171061
0.479917,-0.063507,0.425486,-0.778295,0.041739,0.633461,-0.696416,-0.169349,-0.061822,0.188568,0.167737,-0.806228,0.764963,-0.136427,-0.569058,-0.216254,-0.183952,-0.828879,0.224869,0.084852,0.571767,0.260671,0.186625,0.126748,0.329531,0.139626,-0.018223,0.245381,0.219245,0.209872,0.044467,0.043332,0.306605,0.418333,0.213342,0.176377,0.274388,0.204502,0.374729,0.089097
0.202168,0.133152,0.068745,-0.518905,0.047263,0.312999,-0.275168,-0.087532,-0.068304,0.050804,0.134517,-0.362097,0.435932,-0.004728,-0.314795,-0.085546,-0.175487,-0.464462,0.262668,0.021353,0.145001,0.255724,0.176872,0.062337,0.175923,0.065485,-0.036303,0.311533,0.214876,0.122612,0.017816,0.103843,0.151525,0.250960,0.146580,0.039449,0.264118,0.192297,0.284210,0.055682
0.295324,0.057858,0.705947,-0.732164,-0.070095,0.473661,-0.559112,-0.010931,0.022126,0.245137,0.199296,-0.644309,0.407529,-0.194709,-0.537935,-0.287899,-0.259460,-0.988953,0.434753,-0.049567,0.502998,0.329214,0.283783,0.258260,0.389869,0.268092,0.136953,0.362502,0.260743,0.083950,0.031793,-0.170249,0.015485,0.455429,0.142761,0.142727,0.292051,0.111234,0.300755,0.008597
1.510613,-0.343091,2.486612,-8.288226,0.204623,3.015496,-4.952812,-1.223350,0.812655,-1.202374,1.042547,-4.035256,5.091227,-1.245274,-3.430980,-2.770674,-2.120336,-5.788486,1.676080,-0.704601,2.846591,1.451273,1.081993,1.078126,2.173739,1.649799,-0.206347,1.439234,1.458155,-0.445263,0.454277,-0.118360,0.669138,3.135657,1.626282,0.550116,1.260148,-0.148320,2.590065,-0.007468
0.260828,0.071237,0.151770,-0.532347,0.092542,0.449594,-0.256228,0.011658,-0.111369,0.056555,0.201468,-0.341366,0.562454,-0.095481,-0.243698,-0.208173,-0.142656,-0.483303,0.285344,0.041801,0.170966,0.284115,0.145557,0.051408,0.315515,0.140891,-0.024276,0.302646,0.190803,0.112087,0.088562,0.142594,0.108984,0.072145,0.116970,0.128957,0.311605,0.147452,0.333054,0.118741
0.136500,0.024923,0.108871,-0.614353,-0.002698,0.332031,-0.256562,-0.055906,-0.030677,0.029396,0.100908,-0.356745,0.468437,-0.069007,-0.343029,-0.141088,-0.172710,-0.543099,0.359209,0.040482,0.159876,0.343789,0.207213,0.046079,0.232135,0.114406,-0.010799,0.248534,0.295204,0.125939,0.061172,0.078829,0.168428,0.171930,0.011466,0.149916,0.322666,0.145160,0.273282,0.087285
0.201458,-0.002307,0.525241,-1.143687,-0.142696,0.675847,-0.991158,-0.248697,0.077549,0.095391,0.463664,-1.153033,0.941198,-0.310515,-0.531265,-0.474024,-0.226143,-1.067682,0.518590,-0.145030,0.496965,0.395791,0.329287,0.234107,0.571708,0.349823,-0.125931,0.232086,0.142975,0.339537,0.218390,0.116039,0.191037,0.620109,0.312313,0.458032,0.304799,0.305812,0.482407,0.229040
0.724673,-0.020684,0.604967,-1.365228,0.116528,0.735177,-0.855410,-0.236501,0.080765,0.090208,0.599398,-1.021242,1.256427,-0.404150,-0.614695,-0.363113,-0.424853,-1.417452,0.420671,0.085940,0.714044,0.412380,0.458208,0.234151,0.432153,0.162365,0.145865,0.225258,0.389641,0.385337,0.142699,0.208153,0.485884,0.660214,0.305014,0.188952,0.329895,0.290145,0.736515,0.050069
0.662571,-0.028754,0.762178,-1.309308,-0.014525,0.934668,-0.730159,-0.076497,0.343293,0.031597,0.547214,-1.221886,1.373259,-0.521821,-0.530985,-0.340142,-0.500325,-1.555695,0.554056,-0.007812,0.537803,0.354387,0.370391,0.038381,0.769605,0.526891,-0.059376,0.188317,0.314639,0.318471,0.332986,0.098941,0.515215,0.448485,0.557679,0.315137,0.318849,0.371940,0.652614,0.094193
0.166580,-0.000520,0.171856,-0.282132,0.073537,0.278036,-0.230376,-0.033936,0.077638,0.043261,0.020539,-0.301399,0.376663,-0.081729,-0.196471,-0.054205,-0.100662,-0.449883,0.178817,0.022457,0.184198,0.203865,0.028750,0.108005,0.301282,0.131518,-0.009557,0.218158,0.136673,0.095032,0.095604,0.063851,0.107977,0.161368,0.157774,0.060384,0.253736,0.115283,0.189799,0.049147
0.212273,0.023189,0.209313,-0.545912,0.076292,0.365837,-0.372096,-0.067157,-0.059335,0.013292,0.239779,-0.466039,0.493165,-0.120902,-0.315253,-0.192770,-0.245923,-0.454577,0.240226,-0.075836,0.158392,0.258090,0.116917,-0.045935,0.265804,0.094866,-0.012960,0.102976,0.065580,0.233422,-0.081186,-0.016212,0.122253,0.198703,0.093304,0.038577,0.260548,0.245527,0.304824,0.065086
0.580376,-0.168160,0.818164,-1.509220,0.087629,0.842679,-0.687378,-0.465151,0.129085,0.081220,0.283607,-1.232639,1.536342,-0.389572,-1.217154,-0.509011,-0.701149,-1.797402,0.742611,-0.232130,0.397558,0.716109,0.397085,0.092846,0.619979,0.168346,0.262826,0.357915,0.187006,0.465425,0.169749,-0.039499,0.381645,0.553904,0.147733,0.487020,0.620550,0.316723,0.731236,0.099759
0.433641,0.141183,0.379307,-1.124915,0.016886,0.941883,-0.758316,-0.033520,0.154948,0.242719,0.252060,-0.812488,1.009862,-0.369680,-0.244382,-0.298835,-0.403030,-0.890027,0.293170,-0.081168,0.334626,0.169099,0.330799,0.150517,0.738457,0.369410,-0.044725,0.429127,0.272229,0.306792,0.265164,0.086585,0.234225,0.473484,0.604783,0.077179,0.188690,0.026993,0.427997,0.053039
0.336106,0.154802,0.545132,-0.940355,0.031478,0.815301,-0.497641,-0.036369,0.222027,0.061961,0.106528,-0.979746,0.962134,-0.239291,-0.738618,-0.322820,-0.440801,-1.258159,0.300229,0.055101,0.687708,0.358066,0.317854,0.216314,0.492712,0.028094,0.159588,0.351729,0.356498,0.394997,0.328564,-0.125603,0.287989,0.468731,0.384922,0.383319,0.419207,0.049423,0.298272,0.084325
0.184446,-0.039263,0.299746,-0.485692,-0.068027,0.384768,-0.391823,-0.185330,0.003064,0.130951,0.265496,-0.525953,0.369125,-0.118753,-0.350806,-0.133243,-0.176838,-0.622930,0.205406,0.023284,0.350081,0.157960,0.263697,0.145155,0.175989,0.070509,-0.045704,0.083667,0.183826,0.227777,0.063859,0.060932,0.133157,0.218002,0.028632,0.172378,0.254603,0.205744,0.353606,0.001413
0.328437,-0.006023,0.280807,-0.368719,0.065239,0.438271,-0.184885,0.059201,-0.045812,0.082237,0.229377,-0.288338,0.492082,-0.119494,-0.360424,-0.221071,-0.382995,-0.502133,0.118686,0.080759,0.253824,0.240572,0.102159,0.080554,0.242034,0.114655,-0.073955,0.165633,0.188752,0.107604,0.037632,0.068884,-0.013906,0.382298,0.203883,-0.016428,0.303735,0.069945,0.304692,0.106571
0.202921,-0.037245,0.346791,-0.596354,-0.015384,0.365844,-0.304083,0.052677,0.071945,0.184947,0.277400,-0.471396,0.539904,-0.243270,-0.329844,-0.114047,-0.212403,-0.699582,0.371074,-0.122066,0.311061,0.355281,0.065275,0.075404,0.285459,0.250886,0.089120,0.178634,0.357154,0.015631,0.135474,0.026249,0.167473,0.385173,0.193737,0.221922,0.342489,0.204657,0.295331,0.141882
0.215302,-0.159168,0.420596,-0.593009,0.025854,0.516677,-0.326117,-0.024385,-0.049933,0.138933,0.199486,-0.616450,0.712729,-0.247622,-0.377276,-0.290050,-0.194756,-0.879352,0.318486,-0.001483,0.263158,0.350130,0.045846,0.146962,0.316404,0.125436,-0.065730,0.215126,0.314537,0.229483,0.127325,0.037952,0.147626,0.188528,0.187335,0.189972,0.324716,0.218996,0.370934,0.211668
0.348096,0.083805,0.186793,-0.724389,0.116513,0.567148,-0.353918,-0.111286,-0.026560,0.107746,0.308829,-0.434534,0.786792,-0.312603,-0.429648,-0.141649,-0.217952,-0.752899,0.151178,-0.094221,0.246512,0.228733,0.142188,0.069816,0.157495,0.074317,0.049456,0.403898,0.202119,0.172483,0.088305,0.165644,0.286353,0.381153,0.315921,0.144763,0.374614,0.231036,0.376128,0.257002
0.019818,0.037367,0.322299,-1.093540,-0.011661,0.534187,-0.692412,-0.243945,0.122289,-0.044825,0.177777,-0.597961,0.930415,-0.274194,-0.212278,-0.368367,-0.194182,-0.761472,0.093555,-0.152724,0.229679,0.158300,0.165441,0.160002,0.436903,0.242286,0.018744,0.140820,0.187714,0.070706,0.300984,0.156411,0.322236,0.339249,0.416357,0.159202,0.283204,0.288821,0.524833,0.118571
0.288703,0.041036,0.336572,-0.566886,0.211626,0.297325,-0.424811,-0.053002,0.029622,0.175007,-0.064973,-0.424088,0.470334,-0.172911,-0.471985,-0.071880,-0.073053,-0.736454,0.208215,0.114127,0.466525,0.342133,0.097214,0.150535,0.527586,0.270844,0.073257,0.281094,0.160704,0.059098,0.209324,-0.048053,0.284413,0.286846,0.328603,0.218177,0.241898,0.178853,0.276979,0.023819
0.413826,0.113384,0.262798,-0.845779,-0.048004,0.308910,-0.466326,-0.019312,0.044114,0.045786,0.299589,-0.618152,0.659003,-0.298025,-0.417039,-0.189561,-0.143479,-0.821245,0.348933,-0.074463,0.394197,0.439874,0.162975,0.172552,0.200298,0.155593,0.006885,0.162888,0.355335,0.182942,0.046056,0.027436,0.287661,0.302178,0.225065,0.174378,0.230563,0.318030,0.406776,0.052303
0.129745,0.102486,0.414081,-0.984208,-0.115425,0.807729,-0.873687,-0.163171,0.094522,0.111839,-0.025192,-0.819958,0.775552,-0.068914,-0.633683,-0.249938,-0.367269,-1.143720,0.228595,-0.187907,0.348627,0.453520,0.294203,0.285994,0.427830,0.253049,-0.031998,0.371104,0.288722,0.232005,0.290134,-0.259916,-0.008195,0.477728,0.280963,0.274787,0.513771,0.185187,0.399452,0.157522
0.535078,-0.015626,0.371663,-1.017533,0.138274,0.480115,-0.591515,-0.135783,0.014109,0.427022,0.125351,-0.705496,1.125269,-0.342239,-0.518454,-0.330563,-0.169726,-0.939987,0.514443,0.068710,0.466093,0.466536,-0.037385,0.190218,0.682446,0.473836,-0.052708,0.341029,0.138485,0.043033,0.150598,0.160887,0.439745,0.336233,0.259773,-0.071315,0.221604,0.293550,0.276702,0.112992
0.528966,0.090465,0.368355,-1.059336,-0.060943,0.440899,-0.695318,-0.052141,0.135082,0.052203,0.342780,-0.645128,0.683468,-0.304494,-0.481311,-0.214558,-0.140765,-1.096863,0.185503,0.027438,0.521265,0.354644,0.416351,0.267780,0.415309,0.312481,0.001460,0.177690,0.277618,0.265684,0.139624,0.121091,0.276959,0.465545,0.371116,0.114158,0.294223,0.128622,0.564388,0.125380
0.660297,0.134259,0.371919,-1.364365,-0.117183,0.504978,-0.679819,-0.212270,0.142155,0.015637,0.331792,-0.582924,0.849437,-0.402622,-0.591916,-0.415599,-0.413696,-0.909529,0.504436,-0.005054,0.547222,0.311601,0.493099,0.145218,0.583788,0.288673,-0.127201,0.324861,0.263601,0.243921,0.345566,0.307459,0.281535,0.594800,0.350003,0.186478,0.159302,0.065800,0.436405,0.182268
0.384533,-0.017365,0.418684,-0.500168,0.019712,0.399188,-0.262570,-0.075946,-0.103787,0.164653,0.124629,-0.357549,0.384681,-0.088723,-0.417224,-0.054093,-0.061478,-0.654522,0.084284,0.169378,0.361073,0.073317,0.240026,0.085880,0.277680,0.059168,0.136632,0.169964,0.258761,0.176117,-0.057291,0.073535,0.190801,0.307166,0.223442,0.090746,0.130445,0.114606,0.248282,-0.069460
0.390611,0.122359,0.217447,-1.026511,-0.124562,0.811307,-0.867472,-0.333624,0.004042,0.015007,0.199438,-0.667362,0.871377,-0.361667,-0.465751,-0.393722,-0.165680,-0.849983,0.357736,-0.182080,0.312536,0.212421,0.279545,0.008782,0.486338,0.454106,-0.084953,0.475976,0.117092,0.142053,0.298553,0.229410,0.197968,0.455608,0.657893,0.209355,0.134440,0.258469,0.450292,0.219978
0.401632,-0.055858,0.544401,-1.194864,0.009591,0.671933,-0.790559,-0.180809,0.063372,0.149917,0.268548,-0.983329,0.925941,-0.304992,-0.945651,-0.432343,-0.372192,-1.065807,0.533147,0.175203,0.461397,0.460184,0.533768,0.115786,0.576346,0.341242,0.157819,0.476125,0.254030,0.285317,0.337128,0.226328,0.246005,0.445463,0.201778,0.292127,0.350303,0.198080,0.420590,0.079559
0.165676,0.038503,0.178197,-0.535896,0.179628,0.349310,-0.437095,-0.095342,0.027627,0.027701,0.061775,-0.441997,0.551066,-0.148785,-0.309348,-0.142427,-0.154303,-0.516601,0.289245,-0.013702,0.163734,0.317880,0.076544,0.129578,0.436241,0.253489,-0.015683,0.176511,0.137370,0.115319,0.094962,0.102721,0.271388,0.180140,0.133404,0.074348,0.270860,0.167565,0.377281,0.090055
0.748765,0.362226,0.898442,-2.225371,-0.035824,1.271163,-1.531322,-0.028130,0.658745,0.319733,0.411936,-1.524366,2.185943,-0.585416,-1.283978,-0.643235,-0.800432,-2.849443,1.711229,-0.495399,1.171156,0.824239,0.297535,0.132693,1.303029,0.493783,-0.030565,0.687162,0.729836,0.472209,0.590314,-0.290159,0.211181,0.793009,0.370263,0.390486,0.663472,0.307999,0.599136,0.356077
0.273775,-0.066998,0.444191,-0.830372,-0.033308,0.456346,-0.407155,0.023887,0.188879,-0.022207,0.250422,-0.505964,0.867858,-0.290746,-0.284763,-0.201063,-0.254095,-1.026796,0.287420,-0.221430,0.427486,0.256184,0.027033,0.114604,0.390138,0.217561,0.079618,0.159187,0.311351,0.016758,0.346578,0.151702,0.372299,0.437830,0.416632,0.284140,0.313704,0.186350,0.416547,0.135472
0.241204,0.052715,0.300529,-0.917162,-0.095211,0.632993,-0.703919,-0.129781,-0.087354,0.262171,0.211058,-0.575076,0.509539,-0.049922,-0.456937,-0.271910,-0.435329,-0.732354,0.345266,-0.028168,0.236965,0.285342,0.268666,0.109063,0.344347,0.306664,-0.049939,0.372250,0.208251,-0.015554,0.254657,0.100851,0.116087,0.403450,0.138127,0.032637,0.370908,0.222109,0.407250,0.123639
0.397364,0.059966,0.282359,-0.904183,-0.069685,0.313653,-0.300102,-0.007633,-0.027119,0.097414,0.248594,-0.473333,0.730741,-0.239810,-0.392438,-0.242984,-0.098531,-0.827861,0.398870,-0.012540,0.299904,0.399781,0.034157,0.117032,0.164542,0.302131,0.069393,0.213442,0.424074,0.103599,0.100721,0.116441,0.244158,0.315466,0.227894,0.185158,0.258457,0.339646,0.312071,0.189265
0.264685,-0.020653,0.346950,-0.722685,-0.006495,0.544685,-0.408727,-0.049737,-0.077900,0.204885,0.015521,-0.413866,0.435533,-0.008846,-0.571884,-0.164470,-0.303161,-0.768390,0.112858,0.119722,0.388013,0.306625,0.354085,0.244191,0.306081,0.091382,0.092450,0.349554,0.312425,0.135626,0.106841,0.080232,0.155418,0.374634,0.126567,0.130897,0.386791,-0.015215,0.388812,-0.069091
0.364924,0.067807,0.195058,-0.761176,0.019584,0.363644,-0.283656,-0.104482,-0.104784,0.107477,0.173034,-0.464855,0.583774,-0.104987,-0.437248,-0.239293,-0.158700,-0.699650,0.374047,0.047255,0.264238,0.417052,0.270544,0.083182,0.181061,0.099219,-0.011587,0.309470,0.398376,0.248202,0.067556,0.007846,0.218732,0.236881,0.162370,0.205168,0.248357,0.247320,0.397855,0.063205
0.233715,0.103586,0.156871,-0.635071,0.018582,0.277636,-0.195832,-0.061239,-0.033128,0.102622,0.083976,-0.339351,0.497763,-0.072101,-0.347384,-0.153900,-0.049076,-0.622023,0.390413,0.030897,0.149255,0.331356,0.167297,0.042490,0.233299,0.150847,-0.016373,0.344374,0.314152,0.155726,0.097555,0.040199,0.178200,0.209732,0.154520,0.186830,0.256668,0.242472,0.228518,0.113459
0.395561,-0.029328,0.377503,-0.834625,0.032793,0.362844,-0.270404,-0.132823,-0.086797,0.185862,0.223404,-0.472354,0.525526,-0.060090,-0.566011,-0.256537,-0.161119,-0.906161,0.324278,0.156055,0.378228,0.347159,0.397408,0.122530,0.220411,0.026402,0.139483,0.354957,0.408831,0.241252,0.104079,0.059542,0.163851,0.260218,0.083978,0.235618,0.274747,0.137842,0.413883,-0.071877
0.241543,-0.073819,0.262338,-0.423593,0.040675,0.352740,-0.392750,-0.086971,0.051505,0.103432,0.120668,-0.456121,0.422446,-0.147184,-0.308930,-0.088658,-0.171199,-0.562514,0.113462,0.029720,0.314279,0.195358,0.111749,0.124056,0.306204,0.109169,-0.020448,0.143613,0.137133,0.168888,0.069074,0.058847,0.186214,0.243306,0.165338,0.095495,0.304490,0.158813,0.301570,0.020973
0.136959,-0.039632,0.208233,-0.341856,0.114442,0.269212,-0.291186,-0.106278,-0.018042,0.016150,0.020387,-0.410034,0.447387,-0.167237,-0.229626,-0.100946,-0.124862,-0.440373,0.239048,0.019245,0.098218,0.201124,0.026871,0.068697,0.292579,0.169394,-0.008555,0.154222,0.092491,0.171720,-0.024126,0.024293,0.111601,0.137998,0.118006,0.067367,0.158220,0.157558,0.283594,0.063823
0.391271,-0.044772,0.455025,-0.665968,0.011145,0.706297,-0.446709,-0.149422,0.144702,0.107095,0.373462,-0.810120,0.982425,-0.231469,-0.510623,-0.273334,-0.273202,-0.882897,0.287834,0.063478,0.369800,0.250385,0.201386,0.115049,0.405929,0.294070,0.047179,0.242000,0.264279,0.204347,0.116538,0.136879,0.324950,0.380025,0.265108,0.124289,0.233903,0.177088,0.366713,0.171542
0.261917,0.077374,0.251627,-0.496938,0.002535,0.312673,-0.238280,0.052143,0.062132,0.093127,0.177681,-0.439795,0.481883,-0.211736,-0.235322,-0.044799,-0.071800,-0.661031,0.240273,-0.090262,0.193211,0.321062,0.123558,0.077020,0.150719,0.139237,-0.009941,0.148538,0.366842,0.121270,-0.011919,0.047043,0.152766,0.235897,0.174815,0.080472,0.324005,0.206219,0.247793,0.099114
0.340103,0.041073,0.372318,-1.234028,-0.050585,0.541063,-0.690795,-0.103162,-0.021288,-0.017088,0.378378,-0.775965,0.788315,-0.280088,-0.589139,-0.371742,-0.428960,-0.862190,0.419730,0.031940,0.368312,0.488846,0.415352,0.202549,0.418172,0.179690,0.183710,0.331273,0.226527,0.242262,0.097281,0.160864,0.359001,0.444495,0.058249,0.226944,0.385714,0.245488,0.383995,0.048698
0.591099,0.085540,0.590116,-1.175875,-0.089016,0.753331,-0.757403,-0.024431,0.206545,0.289566,0.531319,-0.849241,0.915023,-0.300761,-0.495861,-0.281305,-0.383836,-1.021125,0.500216,-0.038479,0.532502,0.312772,0.282570,0.332286,0.553165,0.473665,-0.061761,0.208484,0.268331,0.258190,0.279186,0.084763,0.155683,0.546467,0.301872,0.128706,0.252705,0.111861,0.401751,0.230341
0.353109,-0.090608,0.265769,-0.744154,0.065091,0.394140,-0.555355,-0.091630,-0.085728,0.091528,0.225570,-0.591679,0.693200,-0.294869,-0.409938,-0.239985,-0.195105,-0.762211,0.266150,-0.032326,0.301799,0.435006,0.251521,0.156814,0.384658,0.250404,0.046113,0.149969,0.163966,0.223981,0.094013,0.104306,0.333741,0.269517,0.194989,0.234281,0.410767,0.236032,0.421920,0.102525
0.313639,0.228153,0.201369,-0.735434,0.041839,0.395925,-0.514869,-0.093265,0.012665,0.064527,0.191532,-0.516665,0.404416,-0.001285,-0.410559,-0.040553,-0.190171,-0.577517,0.293738,-0.028079,0.247912,0.290600,0.230333,0.167826,0.167145,0.114802,0.013688,0.336407,0.210191,0.138935,0.083586,0.113420,0.148411,0.393375,0.225491,0.017212,0.267539,0.205775,0.325970,0.020509
0.277846,-0.029334,0.333115,-0.753562,0.020298,0.288573,-0.507308,-0.289043,-0.054375,-0.070481,0.259870,-0.500727,0.679460,-0.111221,-0.499476,-0.280035,-0.245887,-0.653438,0.163484,0.038850,0.386245,0.219379,0.382018,0.047737,0.395113,0.059363,0.086295,0.077327,0.193037,0.255016,-0.042845,0.183570,0.180873,0.352055,0.130755,0.124063,0.155495,0.092541,0.400687,0.125985
0.347490,0.294739,0.464010,-0.921564,-0.002942,0.683063,-0.647746,-0.170174,-0.126089,0.119373,0.033926,-0.560571,0.447044,-0.179862,-0.695054,-0.210774,-0.302501,-0.999878,0.329937,-0.080932,0.299925,0.449249,0.430952,0.325707,0.258637,0.231895,0.065548,0.413318,0.204658,0.152950,0.001139,-0.072142,-0.013215,0.571493,0.335022,0.143141,0.426619,0.187215,0.405219,0.171855
0.361597,0.013678,0.134043,-0.653150,0.081070,0.405604,-0.423499,-0.106357,-0.140440,0.044927,0.230242,-0.427013,0.558960,-0.167765,-0.448559,-0.198012,-0.172587,-0.580784,0.270859,0.041747,0.263680,0.366723,0.272548,0.134791,0.247086,0.109333,0.002235,0.216404,0.220064,0.204631,0.027612,0.200623,0.270320,0.233376,0.106004,0.143881,0.345900,0.164043,0.442427,0.040613
0.186562,-0.033118,0.226250,-0.316588,0.035371,0.337362,-0.302039,-0.048857,0.143755,0.100359,0.092992,-0.446236,0.463353,-0.141821,-0.204270,-0.082130,-0.171682,-0.526997,0.158571,-0.015817,0.212121,0.182257,0.006484,0.129974,0.289593,0.127334,-0.035359,0.221430,0.103206,0.135471,0.024216,0.002138,0.113336,0.194955,0.164472,0.076473,0.265462,0.166469,0.193123,0.062896
1.078665,0.186674,0.526495,-2.406248,-0.512030,1.975268,-1.294466,-0.745730,-0.202567,0.552419,0.539428,-1.946119,2.306523,-0.634701,-1.568517,-0.867303,-1.402780,-3.021907,0.773652,-0.506621,0.965667,0.749699,0.381680,0.260674,0.659574,0.156132,-0.084137,0.384244,0.161274,0.640979,0.520834,0.101407,0.233068,1.066356,0.806599,0.511690,1.123846,0.125896,1.248250,0.043992
0.329559,-0.076075,0.566182,-0.756107,-0.004476,0.764763,-0.649493,-0.302431,0.190676,-0.012334,0.159550,-0.916068,1.018913,-0.210610,-0.596581,-0.304445,-0.342086,-1.045730,0.223014,0.056516,0.501891,0.219246,0.324275,0.123004,0.519937,0.358978,0.055355,0.213196,0.266882,0.300839,0.258787,0.178463,0.305163,0.450907,0.246340,0.140775,0.309129,0.167134,0.404560,0.105179
0.154284,0.016263,0.122470,-0.705572,0.021946,0.364475,-0.423319,-0.099264,-0.046502,-0.027545,0.086944,-0.366599,0.449878,-0.063027,-0.463588,-0.156926,-0.237754,-0.541397,0.216541,0.024557,0.202228,0.269334,0.358886,0.163106,0.313860,0.132658,0.009426,0.327084,0.239280,0.165066,0.112553,0.196435,0.096104,0.284168,0.084134,0.122292,0.339393,0.033370,0.325453,0.054167
0.139538,0.120940,0.291711,-0.849436,-0.189950,0.502472,-0.512496,-0.106234,0.001328,0.196248,0.289800,-0.537266,0.719639,-0.158565,-0.372765,-0.228818,-0.286155,-0.827192,0.407922,-0.245803,0.266602,0.356233,0.063351,0.055209,0.271786,0.344035,0.059828,0.171116,0.327522,0.107752,0.122136,-0.006870,0.162678,0.409502,0.205379,0.214491,0.313724,0.275881,0.385924,0.156693
0.234733,-0.069274,0.311084,-0.837415,0.104428,0.427674,-0.519613,-0.089701,-0.072431,0.192589,0.020870,-0.562512,0.757716,-0.192443,-0.422787,-0.258289,-0.220617,-0.713993,0.345010,0.102400,0.310882,0.421128,0.236924,0.150620,0.430614,0.340382,0.096669,0.310260,0.194004,0.141427,0.202183,0.169331,0.343671,0.168355,0.110432,0.327235,0.350856,0.195112,0.326726,0.134561
0.514148,0.326988,0.758404,-1.358915,0.001272,1.010896,-0.950158,-0.021192,0.395440,0.214459,0.385170,-1.365181,1.341729,-0.491100,-0.744451,-0.556116,-0.589313,-1.485043,0.515557,-0.097540,0.625868,0.335091,0.487970,0.239884,0.944750,0.449390,-0.053112,0.265986,0.396075,0.476117,0.390715,-0.066629,0.388581,0.656521,0.562500,0.301960,0.454760,0.053850,0.472806,0.229872
0.169848,-0.066890,0.258362,-0.361287,0.051225,0.388889,-0.368773,-0.043724,0.147146,0.083722,0.094130,-0.523699,0.524418,-0.202329,-0.232284,-0.117822,-0.200704,-0.597256,0.187746,-0.027022,0.238491,0.223189,-0.006936,0.176098,0.358987,0.181349,-0.044833,0.216828,0.094561,0.156297,0.068741,0.011602,0.142153,0.198321,0.169999,0.099740,0.298472,0.192119,0.218436,0.101239
0.465338,0.004845,0.515635,-0.788594,-0.014470,0.533564,-0.482632,-0.238416,0.011309,0.182265,0.076747,-0.679637,0.586652,-0.019920,-0.499977,-0.186897,-0.089526,-0.951960,0.242145,0.043705,0.466995,0.257448,0.280454,0.161698,0.347078,0.097311,0.014268,0.288611,0.276244,0.275150,0.120248,0.039435,0.183142,0.231509,0.173654,0.236647,0.152654,0.138319,0.418657,0.004805
0.078248,0.016967,0.311921,-0.896874,0.066844,0.442707,-0.553484,-0.157165,0.015290,0.142094,-0.095859,-0.543031,0.530284,-0.096398,-0.448237,-0.179331,-0.230066,-0.768045,0.311961,-0.085399,0.302137,0.345924,0.173949,0.121160,0.517331,0.285250,-0.000175,0.201918,0.176787,0.096186,0.256417,0.010646,0.171927,0.227963,0.233898,0.212266,0.286515,0.130455,0.380671,0.071393
0.219782,0.008030,0.296176,-0.417620,-0.021826,0.351688,-0.300914,-0.142674,0.147617,0.128809,0.041120,-0.419775,0.443008,-0.062909,-0.237881,-0.049753,-0.177120,-0.631346,0.192754,0.000750,0.203065,0.174636,0.072443,0.075825,0.308087,0.152712,0.005931,0.289148,0.121764,0.193616,0.021357,0.016574,0.105055,0.207484,0.154009,0.088286,0.238099,0.143468,0.242931,0.013717
0.321994,-0.150689,0.459704,-0.798625,0.000018,0.505902,-0.547350,-0.206776,-0.158499,0.172839,0.251109,-0.644762,0.688536,-0.231230,-0.512697,-0.299873,-0.281546,-0.885547,0.272049,0.131153,0.385922,0.315436,0.328537,0.119376,0.247615,0.008788,0.086702,0.328757,0.255239,0.294969,0.121961,0.160165,0.283121,0.264244,0.038587,0.339436,0.272317,0.168315,0.378167,0.070884
0.447887,-0.066214,0.544098,-1.066906,0.107388,0.520102,-0.733281,-0.215838,0.225404,0.255529,0.197008,-0.917847,0.949340,-0.510716,-0.590295,-0.509604,-0.266999,-1.021625,0.394113,-0.022611,0.517380,0.361884,0.299364,0.087551,0.653692,0.381722,-0.063781,0.243042,0.166443,0.374007,0.320934,0.070836,0.357318,0.426995,0.312946,0.161958,0.403180,0.055218,0.230583,0.144928
0.422676,0.023164,0.448482,-0.773953,0.069410,0.414907,-0.435946,-0.223250,0.074827,0.076959,0.028447,-0.515993,0.521435,0.070335,-0.433950,-0.095363,-0.112383,-0.795139,0.173563,0.110722,0.391886,0.163101,0.235821,0.086117,0.368975,0.149047,0.092929,0.299862,0.196045,0.199789,0.177973,0.080501,0.147593,0.324935,0.199395,0.175153,0.149388,0.124767,0.299476,-0.040149
0.355006,0.008953,0.174808,-0.869424,0.137767,0.505702,-0.595067,-0.141973,0.043699,-0.075469,0.346666,-0.603331,0.882948,-0.064677,-0.342419,-0.052774,-0.315426,-0.725625,0.271166,0.039736,0.213192,0.168322,-0.062441,0.192058,0.276601,0.173999,0.145423,0.220881,0.107775,-0.021337,0.090427,0.183594,0.146542,0.503263,0.251667,0.081734,0.185705,0.318349,0.304300,-0.009942
0.017218,0.334101,0.435265,-1.589978,0.026618,1.293054,-1.067289,-0.324731,0.145888,0.084648,0.100249,-1.183077,1.257844,-0.297999,-0.711681,-0.577686,-0.447602,-1.427812,0.405309,-0.275139,0.489577,0.491865,0.683566,0.095648,0.847329,0.395758,0.038670,0.557531,0.295469,0.252930,0.421930,-0.007238,0.297706,0.647225,0.742491,0.421379,0.555089,0.419634,0.892530,0.188532
0.305700,0.125447,0.269017,-0.415638,0.065185,0.372647,-0.283377,-0.066260,0.076890,0.163876,0.107479,-0.395530,0.461593,-0.053982,-0.257588,-0.024358,-0.152847,-0.573292,0.142263,0.043451,0.208300,0.188051,0.110308,0.041271,0.183372,0.085149,0.021679,0.347155,0.142207,0.109729,-0.038832,0.130282,0.068238,0.306825,0.250325,-0.016613,0.270310,0.187892,0.218457,0.015611
0.138689,0.122794,0.121338,-0.439369,0.065649,0.323411,-0.247164,-0.022158,-0.011391,0.018868,0.083520,-0.372554,0.459765,-0.069348,-0.220671,-0.099119,-0.098255,-0.456245,0.287933,0.006936,0.123307,0.271063,0.088844,0.066946,0.260671,0.153210,-0.048272,0.285077,0.193179,0.089277,0.061298,0.098302,0.150061,0.179499,0.109359,0.098248,0.253760,0.157206,0.224819,0.100618
0.237298,0.129660,0.078052,-0.611943,0.043879,0.368121,-0.353472,-0.090269,-0.075634,0.059534,0.173315,-0.430014,0.501498,-0.011066,-0.355306,-0.136003,-0.249858,-0.515935,0.302677,-0.011984,0.168597,0.289909,0.209265,0.049807,0.209958,0.081351,-0.034350,0.296209,0.218443,0.139266,0.014242,0.068970,0.178815,0.256902,0.138197,0.039776,0.274872,0.231404,0.353622,0.060737
0.163461,-0.045653,0.443822,-0.778794,-0.036380,0.492375,-0.459447,-0.143006,0.116108,0.054691,0.100583,-0.550656,0.447835,-0.156474,-0.539697,-0.188131,-0.366553,-0.860173,0.344289,0.030159,0.365023,0.346780,0.384206,0.100204,0.511818,0.240434,0.178023,0.258353,0.260036,0.069366,0.356957,0.021644,0.023235,0.348897,0.250298,0.255522,0.243017,0.031578,0.390692,-0.017565
0.389736,0.224108,0.515749,-1.032359,-0.264359,0.844775,-0.894815,-0.206639,0.311487,0.070564,0.342548,-1.035105,1.059490,-0.251585,-0.463904,-0.445563,-0.307095,-1.308614,0.468801,-0.171455,0.537052,0.552610,0.221096,0.174364,0.577168,0.522890,0.113337,0.286417,0.354244,0.402905,0.328480,0.033449,0.198867,0.586501,0.583698,0.361358,0.193813,0.227785,0.490101,0.273653
0.308910,0.041492,0.375779,-0.950738,0.120342,0.460325,-0.417781,-0.076656,0.023876,0.224687,-0.015383,-0.398859,0.248342,0.001865,-0.742174,-0.132615,-0.194068,-0.957810,0.440402,0.067315,0.374365,0.355461,0.550861,0.180733,0.520430,0.181561,0.105233,0.435309,0.307008,0.030385,0.200173,0.098754,0.018505,0.534710,0.250697,0.252572,0.300840,-0.004764,0.472947,-0.045218
2.017510,-0.078282,1.421782,-3.578277,0.601352,1.714339,-1.848428,-1.386609,-0.036934,0.590232,0.845425,-2.405579,2.244517,-0.974676,-1.658996,-0.974087,-1.251949,-4.292040,1.378233,0.212341,1.076966,1.248069,0.135634,0.782109,1.165171,0.178736,0.357837,0.730502,0.532517,1.037342,0.463693,0.444349,-0.096356,0.575944,0.843201,0.989435,0.486656,-0.012520,1.048687,0.207718
0.146286,0.069761,0.091968,-0.412655,0.039046,0.257454,-0.173749,-0.038481,-0.005840,0.049284,0.064318,-0.284201,0.388582,-0.030842,-0.243265,-0.092511,-0.081741,-0.444669,0.272098,0.028521,0.124563,0.246827,0.115114,0.060277,0.228777,0.097369,-0.018071,0.270676,0.220732,0.125140,0.055522,0.073995,0.151123,0.153518,0.112540,0.088577,0.249626,0.154193,0.186300,0.066537
0.037206,0.197940,0.419394,-1.188888,-0.019913,0.597182,-0.739268,-0.096470,-0.065118,0.036271,0.073876,-0.759823,0.964366,-0.292087,-0.583006,-0.344715,-0.328803,-0.984662,0.323887,-0.139035,0.315284,0.370566,0.339918,0.161326,0.447977,0.301992,0.051464,0.234287,0.108094,0.230404,0.350469,0.024199,0.177779,0.557484,0.365022,0.437228,0.399399,0.101809,0.344527,0.287403
0.310570,0.092035,0.114069,-0.602391,0.058791,0.231559,-0.276853,-0.084870,-0.108399,0.055696,0.133111,-0.266534,0.450054,-0.063632,-0.392746,-0.179191,-0.090229,-0.548460,0.353826,0.052533,0.143102,0.342046,0.223166,0.041849,0.189411,0.114309,-0.096507,0.330091,0.277709,0.152955,0.022392,0.059313,0.093732,0.263254,0.164281,0.139620,0.213377,0.263890,0.208161,0.134266
0.465280,0.084571,0.446581,-0.801223,0.029074,0.357747,-0.469854,-0.131647,0.208881,0.163009,0.088873,-0.526597,0.555883,-0.085242,-0.351883,0.026585,-0.021076,-1.075652,0.277445,-0.061076,0.352793,0.262598,0.184808,0.175371,0.374093,0.266120,0.053382,0.299296,0.342655,0.171809,0.105537,0.057646,0.164551,0.300326,0.321169,0.144855,0.262921,0.113991,0.301913,-0.002650
0.209513,-0.136286,0.430258,-0.583246,-0.001700,0.385422,-0.413542,-0.028303,0.125774,0.026237,0.141683,-0.545357,0.552140,-0.183408,-0.340254,-0.143966,-0.327509,-0.813108,0.239686,-0.030605,0.436518,0.181719,0.225823,0.207483,0.394387,0.144339,0.030335,0.198192,0.299330,0.130132,0.170846,0.024781,0.220859,0.290044,0.214199,0.203037,0.345188,0.140329,0.368705,0.095983
0.250741,0.014635,0.346252,-0.596937,0.054369,0.337003,-0.486084,-0.040435,0.102040,0.039855,0.179440,-0.522055,0.473297,-0.251961,-0.284528,-0.118126,-0.193211,-0.772891,0.151564,-0.017835,0.403037,0.293506,0.150639,0.217157,0.426393,0.161083,-0.020316,0.155605,0.166376,0.160408,0.128697,0.008543,0.266833,0.275778,0.272351,0.117929,0.332176,0.165981,0.367662,0.047614
0.260000,-0.013756,0.195682,-0.511855,0.042546,0.464376,-0.393879,-0.013657,-0.075998,0.125531,0.209347,-0.475677,0.509400,-0.200248,-0.345755,-0.131048,-0.133254,-0.546350,0.117743,0.037033,0.286847,0.299046,0.173860,0.225977,0.265024,0.210553,0.015280,0.188596,0.206493,0.112487,0.045659,0.100367,0.267144,0.228554,0.094647,0.092883,0.348384,0.103244,0.326235,0.049020
1.505623,-0.407659,1.485804,-2.789925,0.354316,1.076736,-1.601157,-1.123848,-0.297334,0.281265,0.748632,-1.544391,2.002611,-0.335139,-1.709014,-1.106257,-0.850443,-3.436941,1.051398,0.712452,0.663368,0.640335,0.060853,0.738796,0.583143,0.242955,0.157299,0.695905,0.685081,0.215843,0.173958,0.470563,-0.087884,0.428551,0.828802,1.303879,0.205430,0.297422,0.770927,0.566526
0.165763,-0.013133,0.521323,-1.083840,-0.003668,0.473595,-0.715263,-0.098860,-0.093767,0.125418,0.158462,-0.694489,0.727976,-0.184961,-0.570432,-0.291673,-0.468844,-0.842155,0.363244,0.005775,0.396363,0.416050,0.374968,0.134023,0.480542,0.236153,0.109913,0.425190,0.241148,0.180013,0.220735,0.013267,0.289600,0.425859,0.123706,0.295865,0.527441,0.291183,0.337037,0.106663
0.236038,-0.127927,0.369275,-0.781040,0.055177,0.379110,-0.424960,-0.127812,0.142819,0.009220,0.300572,-0.626468,0.709424,-0.231839,-0.425463,-0.322545,-0.308743,-0.789424,0.329488,0.053886,0.229740,0.267033,0.066285,0.098831,0.415746,0.062348,0.142367,0.270377,0.157955,0.148767,0.174962,0.088774,0.249499,0.356254,0.243695,0.119705,0.385046,0.256461,0.373213,0.135677
0.252471,0.126137,0.124136,-0.383121,0.090384,0.305681,-0.265298,-0.061921,0.010635,0.072079,0.071201,-0.288988,0.404877,-0.016656,-0.224046,-0.007226,-0.089859,-0.462674,0.173802,0.058241,0.145314,0.210252,0.083339,0.069070,0.212836,0.105306,-0.008743,0.319084,0.151437,0.098275,0.025241,0.137325,0.117725,0.230946,0.215709,0.004414,0.259886,0.155802,0.206866,0.033821
0.645253,0.165448,0.892720,-1.438672,-0.159079,0.727379,-0.915963,-0.291966,-0.034855,0.203462,0.227715,-0.917283,1.091181,-0.442754,-0.680389,-0.491206,-0.350844,-1.767458,0.621539,-0.302448,0.387655,0.475272,0.398856,0.085872,0.694161,0.651196,0.074979,0.318109,0.261358,0.260906,0.436591,0.077774,0.129250,0.568015,0.283500,0.520731,0.300405,0.216972,0.531226,0.260548
0.442236,0.080050,0.409507,-1.037501,-0.162501,0.775390,-0.902353,-0.235197,0.082936,0.109895,0.544071,-1.005094,0.979515,-0.042771,-0.573822,-0.464842,-0.309060,-1.002576,0.364712,-0.021992,0.574643,0.524436,0.348670,0.212484,0.443672,0.369980,0.000873,0.170301,0.219064,0.254524,0.177218,0.112469,0.202447,0.527219,0.286147,0.182055,0.192721,0.315256,0.570059,0.211274
0.619537,0.186537,0.531216,-1.349632,0.012428,0.996302,-0.890821,-0.101543,0.358295,0.291868,0.287683,-1.260790,1.288374,-0.457542,-0.548417,-0.521753,-0.477465,-1.152695,0.466087,-0.025441,0.429596,0.341420,0.538054,0.045799,0.872944,0.548652,-0.058981,0.378323,0.282015,0.343551,0.336542,0.154175,0.535615,0.356414,0.760522,0.319216,0.300560,0.389662,0.553332,-0.013409
0.159836,-0.010057,0.187430,-0.642950,0.017088,0.396114,-0.435088,-0.136819,-0.023672,0.072718,0.148044,-0.487769,0.477893,-0.045129,-0.442599,-0.157446,-0.382445,-0.518948,0.289214,-0.031258,0.196437,0.299118,0.235989,0.057614,0.284060,0.098330,-0.051350,0.217375,0.101427,0.176754,0.016485,0.030151,0.137929,0.225393,0.007815,0.030447,0.325704,0.192400,0.406302,0.095534
0.260546,0.074846,0.277038,-0.775661,0.104232,0.492516,-0.450436,-0.023977,0.083095,0.040917,0.132671,-0.451471,0.637780,-0.092138,-0.497714,-0.085711,-0.323681,-0.631279,0.218395,0.130772,0.331626,0.210045,0.103273,0.040938,0.413563,0.171525,0.142024,0.296919,0.190082,0.101155,0.243811,0.062085,0.175747,0.463783,0.293622,0.123417,0.281239,0.234844,0.268344,-0.032288
0.335293,0.058443,0.407261,-0.931258,0.264653,0.348989,-0.650647,-0.143899,-0.030292,0.219614,0.127259,-0.599932,0.804117,-0.338431,-0.546096,-0.167258,-0.337551,-0.829976,0.373593,0.146378,0.506796,0.350077,-0.072851,0.151271,0.562422,0.250916,0.089314,0.469511,0.193549,0.012914,0.198245,0.117369,0.313779,0.571465,0.218020,0.074486,0.406226,0.310972,0.281586,0.123493
0.550577,0.292819,0.383201,-1.383891,0.057033,0.750459,-1.159989,-0.227957,0.004813,0.327468,0.038528,-0.892388,1.305183,0.099856,-0.563532,-0.304565,-0.446191,-1.150705,0.272699,-0.177437,0.577508,0.479338,0.242536,0.013922,0.714810,0.674309,0.093407,0.246112,0.314419,0.421006,0.439157,0.249602,0.338160,0.727059,0.594663,0.077973,0.411935,0.211068,0.792498,-0.073706
0.235560,0.069499,0.621589,-1.060107,0.018005,0.696862,-0.803804,-0.115700,0.124845,0.113714,-0.044782,-0.800126,0.624824,-0.214889,-0.714101,-0.170578,-0.296603,-1.280212,0.285860,-0.011513,0.526551,0.335574,0.385515,0.289391,0.592388,0.442019,0.115734,0.294324,0.312177,0.181906,0.289773,-0.173839,0.095849,0.648288,0.387462,0.369083,0.477684,0.128709,0.450431,0.115256
0.719993,0.312692,0.548762,-1.275830,-0.089044,0.629621,-0.598102,0.064994,0.364230,0.268246,0.339585,-0.797436,0.786156,-0.402666,-0.795895,-0.371963,-0.216695,-1.458088,0.675118,-0.106465,0.719528,0.527482,0.475897,0.118173,0.541460,0.301663,-0.007819,0.321336,0.298069,0.377673,0.248058,-0.099803,0.123959,0.507142,0.426174,0.313422,0.204399,0.052146,0.122840,0.204143
0.356862,0.153771,0.627120,-1.257275,0.019516,0.806471,-0.775596,-0.064358,0.287862,0.073602,0.367444,-1.077646,1.187386,-0.445254,-0.609058,-0.499258,-0.489917,-1.255934,0.430597,-0.113455,0.481968,0.335149,0.416117,0.143841,0.715194,0.399064,0.002029,0.176576,0.264091,0.333752,0.460802,0.139895,0.418619,0.447938,0.558431,0.327513,0.420655,0.189143,0.511783,0.143887
0.269666,-0.075962,0.365544,-0.583727,0.131727,0.523442,-0.254164,0.027583,0.046032,0.124139,0.183145,-0.390317,0.603973,-0.233559,-0.404256,-0.208308,-0.141800,-0.656008,0.224598,0.083218,0.363033,0.277729,0.180881,0.159171,0.268455,0.232668,0.089190,0.257776,0.296597,0.101361,0.170270,0.114677,0.250095,0.203792,0.145386,0.203662,0.339967,0.108134,0.330680,0.095671
0.213515,-0.035961,0.236941,-0.524953,0.099039,0.350476,-0.317482,-0.066223,0.067993,0.070869,-0.013416,-0.426480,0.544771,-0.172921,-0.237438,-0.154556,-0.071062,-0.660682,0.289129,0.001316,0.206914,0.292473,0.069151,0.165983,0.453188,0.215434,-0.026814,0.179850,0.174809,0.106931,0.179568,0.089295,0.214196,0.158714,0.216920,0.149476,0.246927,0.111765,0.237381,0.136291
0.226868,0.002001,0.105756,-0.408456,0.035286,0.168188,-0.241899,-0.093593,-0.065832,-0.061683,0.146591,-0.198600,0.457305,-0.049984,-0.273449,-0.088624,-0.060095,-0.435676,0.232962,0.095861,0.130344,0.246758,0.154935,0.084435,0.205745,0.159191,-0.079951,0.242947,0.207721,0.142476,0.062281,0.194035,0.071581,0.174338,0.159545,0.130947,0.220589,0.119329,0.138482,0.118102
0.301068,0.126908,0.249557,-0.831585,0.025166,0.338080,-0.513541,-0.139558,-0.250125,0.086696,0.048715,-0.273394,0.624968,-0.169146,-0.408009,-0.237913,-0.153187,-0.690951,0.568278,-0.118766,0.183370,0.307475,0.274646,0.130470,0.293490,0.190633,-0.014140,0.246460,0.280818,0.067059,0.126060,0.120154,0.089427,0.487456,0.177820,0.183847,0.222827,0.154883,0.424949,0.210097
0.147149,-0.097478,0.417700,-1.258168,0.141905,0.462648,-0.677279,-0.286043,0.037059,0.158037,0.029970,-0.686058,0.939734,-0.197743,-0.642358,-0.316616,-0.457746,-0.903868,0.135880,0.150680,0.484104,0.296559,0.382025,-0.062416,0.522563,0.195136,0.031043,0.235343,0.163622,0.281885,0.307655,0.127828,0.398599,0.526292,0.270282,0.412190,0.348567,0.188865,0.398393,0.008714
0.931443,0.538766,0.761369,-1.886538,0.174668,1.299268,-1.167380,-0.352850,0.173718,0.329114,0.321491,-1.713490,1.954590,-0.358185,-1.210174,-0.528146,-0.739814,-2.231904,1.032266,-0.496564,0.819467,0.761983,0.552631,0.115340,0.802964,0.621785,-0.011038,0.638977,0.356754,0.675316,0.395332,-0.300767,0.416070,0.630077,0.762486,0.502497,0.552434,0.318646,0.655232,-0.229048
0.163061,0.011652,0.362998,-0.873554,0.125506,0.309103,-0.442996,-0.074824,0.139795,0.012501,-0.043595,-0.403084,0.551816,-0.280283,-0.325630,-0.189150,-0.334928,-0.895043,0.280394,-0.126647,0.349342,0.263177,0.236339,0.195261,0.494365,0.170013,0.070804,0.241774,0.188802,0.174089,0.268069,-0.031097,0.273013,0.339198,0.249002,0.194466,0.304411,0.016797,0.402390,0.154222
0.124177,-0.037884,0.579312,-1.021351,-0.050989,0.646224,-0.741258,-0.241805,0.060923,0.184931,-0.083213,-0.803056,0.730648,-0.283091,-0.643635,-0.195791,-0.276131,-1.201286,0.372200,-0.081700,0.464365,0.395957,0.333018,0.259576,0.542785,0.473667,0.091029,0.214599,0.219292,0.208183,0.415160,-0.089276,0.001914,0.482535,0.361217,0.490795,0.374139,0.070629,0.430519,0.184386
0.538686,0.084125,0.301946,-0.839120,-0.108905,0.429476,-0.448207,0.049176,-0.041967,0.195955,0.301642,-0.533343,0.542682,-0.235049,-0.544676,-0.110386,-0.122977,-0.912241,0.118422,0.056361,0.467581,0.344641,0.407426,0.280460,0.196331,0.186934,0.122404,0.218633,0.413120,0.253972,0.063101,0.237917,0.226753,0.334783,0.275070,0.093044,0.281117,0.117578,0.358141,-0.012719
0.185298,0.022973,0.243276,-0.767780,0.063157,0.348800,-0.354931,0.011076,0.030807,-0.005509,0.039885,-0.438024,0.533966,-0.220117,-0.283527,-0.200807,-0.128265,-0.751748,0.377465,0.028098,0.326014,0.342856,0.205091,0.105540,0.306184,0.284016,0.079027,0.305497,0.214407,-0.010606,0.301991,0.092716,0.291628,0.319413,0.169945,0.341963,0.335640,0.165805,0.260382,0.138764
0.281849,0.022745,0.189357,-0.347938,0.093327,0.314825,-0.186903,-0.042392,-0.105919,-0.044408,0.183661,-0.248454,0.513383,-0.101098,-0.306662,-0.145002,-0.150787,-0.470781,0.184907,0.108595,0.143155,0.275256,0.067068,0.032615,0.200799,0.146818,-0.067270,0.238514,0.164359,0.042160,0.061798,0.130435,-0.007548,0.315595,0.195885,0.060623,0.286768,0.137783,0.202178,0.086241
0.361465,0.106230,0.530451,-1.681928,-0.072669,1.174695,-1.018788,-0.285485,0.123704,0.016582,0.390606,-1.363605,1.285615,-0.520107,-0.889373,-0.779768,-0.517393,-1.343086,0.335807,-0.143843,0.656434,0.579949,0.670773,0.325060,0.653043,0.319032,-0.159053,0.460700,0.363385,0.230546,0.186815,0.046885,0.216547,0.362872,0.545896,0.575774,0.470096,0.257860,0.571869,0.379150
0.299879,-0.071358,0.337293,-0.957093,0.110868,0.387433,-0.570557,-0.169285,0.016105,-0.098699,0.171374,-0.436123,0.660282,-0.198138,-0.576925,-0.264145,-0.480202,-0.718429,0.374604,-0.024138,0.273364,0.345457,0.477822,0.050306,0.398374,0.069814,0.064647,0.262505,0.204640,0.257063,0.058880,0.147487,0.288334,0.396440,0.012509,0.154501,0.391573,0.085988,0.453727,0.175065
0.183742,0.008344,0.347575,-0.708118,-0.051808,0.621015,-0.666458,-0.078008,0.143249,0.137726,0.119906,-0.759672,0.694857,-0.109409,-0.384755,-0.219080,-0.354771,-0.754940,0.268532,-0.074790,0.311494,0.201190,0.087789,0.186256,0.447985,0.271137,0.019691,0.281018,0.233714,0.115411,0.235294,-0.092228,0.051093,0.337252,0.229767,0.096051,0.387824,0.309630,0.406095,0.014155
0.581246,0.030459,0.897582,-1.220801,0.122959,0.993107,-1.146799,-0.032639,0.113483,0.421135,0.266732,-1.185280,1.263213,-0.562464,-0.771930,-0.493780,-0.502029,-1.865393,0.771705,-0.217074,0.549268,0.741214,0.211310,0.437720,0.747564,0.571016,0.026084,0.512838,0.222433,0.529106,0.293633,-0.027112,0.243600,0.402134,0.231656,0.519061,0.463947,0.078679,0.357924,0.002278
0.222618,-0.096568,0.441714,-0.628517,0.019617,0.498790,-0.313243,-0.058683,0.083536,0.201408,0.162640,-0.575231,0.541221,-0.283932,-0.492777,-0.203226,-0.229370,-0.843454,0.344195,0.058203,0.363417,0.201414,0.328832,0.111309,0.367167,0.122209,0.084518,0.237664,0.272084,0.174104,0.108975,0.228102,0.220835,0.333627,0.141297,0.296849,0.414174,0.156464,0.334400,0.104057
0.202751,0.440166,0.280673,-1.585215,-0.061291,1.251205,-1.169118,-0.293386,0.201721,0.143834,0.104492,-0.990101,1.209005,-0.423886,-0.607723,-0.466391,-0.356681,-1.526541,0.386312,-0.268504,0.583641,0.494999,0.592896,0.141087,0.901033,0.484257,0.075692,0.770895,0.316995,0.372821,0.550737,-0.056242,0.285830,0.632212,0.951530,0.483303,0.497677,0.397103,0.645655,0.172120
0.174339,-0.046386,0.221311,-0.847114,-0.075312,0.443847,-0.366251,-0.080301,-0.014271,0.086083,0.207653,-0.537276,0.597108,-0.112175,-0.473896,-0.230955,-0.341373,-0.766273,0.480569,0.022633,0.190485,0.428248,0.227767,-0.025410,0.231587,0.116279,0.022871,0.308853,0.320106,0.168751,0.055332,-0.026060,0.195517,0.243260,0.015858,0.164320,0.365269,0.257169,0.377154,0.135500
0.558682,0.148781,0.445657,-1.016523,0.015654,0.654366,-0.743738,-0.147735,-0.158298,0.188123,0.318900,-0.843652,0.762302,-0.256857,-0.856676,-0.346206,-0.140609,-0.972266,0.455114,0.156477,0.515353,0.406740,0.443646,0.312507,0.378874,0.262846,0.159005,0.342768,0.307072,0.273751,0.167708,0.262336,0.161442,0.498313,0.288200,0.281071,0.174502,0.026987,0.416263,0.078356
0.311808,-0.029667,0.414153,-0.814039,-0.013573,0.478621,-0.557201,-0.156418,-0.030727,-0.038123,0.606700,-0.726912,0.859512,-0.270077,-0.510012,-0.292893,-0.270407,-0.960374,0.283733,-0.022032,0.349319,0.349949,0.267532,0.127760,0.286468,0.233496,0.087845,0.042683,0.257735,0.175051,0.006521,0.191497,0.185028,0.520455,0.124935,0.150744,0.245473,0.179431,0.495513,0.138845
0.531814,0.003324,0.444640,-1.232821,-0.152873,0.697551,-0.872190,-0.216449,-0.077937,0.125055,0.403815,-1.115801,0.892997,-0.210581,-0.821909,-0.500854,-0.234170,-1.134200,0.530183,0.004902,0.593526,0.636511,0.547370,0.191523,0.445593,0.341564,0.000251,0.278052,0.370904,0.289178,0.276329,0.147285,0.134906,0.635443,0.280912,0.328850,0.212937,0.260572,0.525309,0.173692
0.236381,-0.046108,0.330837,-0.919286,0.015179,0.466266,-0.590550,-0.207751,-0.199891,0.050776,0.183664,-0.577545,0.586960,-0.112370,-0.625745,-0.279036,-0.458336,-0.643275,0.368752,-0.003091,0.255365,0.315521,0.387201,0.056259,0.269234,-0.015550,-0.003301,0.238184,0.129147,0.220421,0.008201,0.013701,0.131852,0.301506,-0.000069,0.188497,0.247728,0.206146,0.503330,0.113086
0.521648,0.005832,0.460665,-0.868416,0.016513,0.519951,-0.335268,-0.082922,-0.036049,0.212624,0.474822,-0.565184,0.709208,-0.291096,-0.567866,-0.344222,-0.162122,-1.033829,0.340248,0.114110,0.515353,0.408052,0.442997,0.113942,0.169987,-0.013135,0.108240,0.362308,0.507528,0.302547,0.049809,0.114999,0.219480,0.288863,0.095594,0.214381,0.363798,0.176169,0.445147,-0.010865
0.165841,0.055746,0.171859,-0.448157,-0.008772,0.279037,-0.173205,-0.035483,-0.036456,0.099609,0.241734,-0.281976,0.303493,-0.054690,-0.380416,-0.116707,-0.206989,-0.461888,0.293820,0.081939,0.190375,0.208405,0.195540,0.007804,0.125359,0.040787,0.031197,0.180593,0.182134,0.051979,0.015096,0.059284,-0.017076,0.281947,0.001524,0.035779,0.220679,0.197959,0.243696,-0.015900
0.195776,0.013762,0.284370,-0.401765,-0.002382,0.332357,-0.231050,-0.073792,0.143642,0.119191,0.090311,-0.432136,0.461388,-0.117617,-0.220877,-0.081881,-0.141962,-0.592881,0.192659,-0.009581,0.241383,0.212274,0.032629,0.070115,0.328786,0.130156,0.026605,0.258414,0.181087,0.150725,0.052876,-0.013029,0.114407,0.149372,0.198686,0.170166,0.222924,0.209698,0.191597,0.047790
0.535078,-0.015626,0.371663,-1.017533,0.138274,0.480115,-0.591515,-0.135783,0.014109,0.427022,0.125351,-0.705496,1.125269,-0.342239,-0.518454,-0.330563,-0.169726,-0.939987,0.514443,0.068710,0.466093,0.466536,-0.037385,0.190218,0.682446,0.473836,-0.052708,0.341029,0.138485,0.043033,0.150598,0.160887,0.439745,0.336233,0.259773,-0.071315,0.221604,0.293550,0.276702,0.112992
0.497586,0.268147,0.336155,-1.142211,0.034849,0.662924,-0.824517,-0.058747,0.133294,0.124891,0.102215,-0.810581,0.642169,-0.278628,-0.805206,-0.189719,0.008168,-1.128820,0.548409,-0.033108,0.397565,0.447156,0.368988,0.290992,0.412686,0.343637,0.020940,0.445428,0.210644,0.168456,0.238742,-0.009551,0.093199,0.669034,0.483526,0.316257,0.410846,0.175761,0.519671,0.270274
0.449071,0.088600,0.579074,-0.929916,0.026843,0.633789,-0.516364,-0.006251,0.141366,0.200438,0.508421,-0.780273,0.921455,-0.315506,-0.399320,-0.248519,-0.236986,-1.097884,0.335976,-0.065316,0.476038,0.445362,0.322363,0.079472,0.463131,0.344240,0.001528,0.154271,0.381371,0.173843,0.039330,0.193978,0.208636,0.587169,0.373185,0.141875,0.323182,0.140353,0.489094,0.242371
0.257057,0.217062,0.201442,-0.873797,0.153051,0.343637,-0.501883,-0.063552,0.086344,0.036737,0.079734,-0.504271,0.669591,-0.257682,-0.394164,-0.097373,-0.127541,-0.705807,0.298325,-0.016993,0.397881,0.341052,-0.027441,0.127807,0.404655,0.223124,0.171773,0.401849,0.173363,0.028305,0.268082,0.024998,0.354815,0.439043,0.405879,0.197704,0.316295,0.387343,0.288846,0.107731
0.237986,0.072698,0.257843,-0.349515,0.045339,0.306381,-0.212260,-0.056453,0.100362,0.119289,0.069714,-0.345337,0.432931,-0.062706,-0.233983,-0.051873,-0.109929,-0.533872,0.156958,0.024817,0.213708,0.195555,0.055671,0.045117,0.250144,0.115639,0.038342,0.291369,0.169056,0.110667,0.018870,0.054018,0.103126,0.210051,0.212610,0.071855,0.250769,0.179336,0.196533,0.024977
0.152345,-0.070441,0.196201,-0.364110,0.026052,0.287623,-0.193062,-0.010432,0.069583,0.046529,0.048514,-0.281235,0.322233,-0.032197,-0.320754,-0.098647,-0.201147,-0.467282,0.157981,0.072905,0.205724,0.218175,0.204783,0.113319,0.277626,0.081814,0.041153,0.235088,0.204211,0.134499,0.089869,0.069281,0.099486,0.196067,0.081630,0.112101,0.286324,0.036705,0.216509,0.024642
0.309287,0.008504,0.136881,-0.445180,0.021797,0.199027,-0.148409,-0.069126,-0.081328,0.060533,0.113871,-0.143726,0.438014,-0.020118,-0.311331,-0.149190,-0.006879,-0.491123,0.283806,0.126244,0.175775,0.242442,0.135907,0.039940,0.252654,0.151741,-0.081183,0.269642,0.208483,0.098453,0.105673,0.107247,0.029588,0.198379,0.210052,0.128279,0.219916,0.195714,0.091768,0.075296
0.113360,-0.079607,0.282199,-0.344314,0.080684,0.252243,-0.237282,-0.104660,0.037806,-0.038411,0.100385,-0.378591,0.487843,-0.183034,-0.205753,-0.143841,-0.135139,-0.552192,0.163689,0.062611,0.214172,0.208794,0.005195,0.088276,0.367043,0.153420,-0.057425,0.064822,0.100995,0.115604,0.134216,0.017106,0.120841,0.163244,0.203366,0.082123,0.209985,0.078045,0.199500,0.135341
0.198011,-0.098596,0.370098,-0.685582,-0.024572,0.349840,-0.500403,-0.065224,0.026213,0.105776,0.134916,-0.504951,0.604544,-0.215725,-0.327239,-0.180835,-0.237846,-0.705368,0.344298,0.093836,0.373986,0.298161,0.060767,0.162323,0.444011,0.313214,0.090747,0.228635,0.231606,0.002946,0.295360,0.082408,0.250450,0.315390,0.164727,0.122842,0.302463,0.278595,0.353721,0.026168
0.197146,-0.133806,0.432132,-0.647862,-0.026379,0.378546,-0.312010,-0.139551,0.073701,0.093420,0.149068,-0.512491,0.419358,-0.093863,-0.439950,-0.127788,-0.319540,-0.753850,0.215728,0.083437,0.297265,0.210091,0.280326,0.134715,0.295746,0.017574,0.049898,0.277521,0.259874,0.192806,0.143878,0.011107,0.153798,0.180752,0.023613,0.198530,0.268429,0.116800,0.310591,-0.029840
0.314549,0.108703,0.217490,-0.907884,0.125182,0.441950,-0.708997,-0.087625,-0.064905,0.142042,0.025379,-0.545157,0.647990,-0.135429,-0.550489,-0.069846,-0.194352,-0.674333,0.297340,0.078057,0.356315,0.298236,0.120845,0.172592,0.365448,0.332341,-0.023069,0.350222,0.152743,0.048439,0.159678,0.058379,0.282363,0.423463,0.193848,0.075336,0.444969,0.274657,0.367581,0.058414
0.191939,0.060190,0.406189,-0.854587,-0.024789,0.508087,-0.553776,-0.021319,0.134146,0.094873,0.093835,-0.603847,0.775257,-0.262663,-0.372185,-0.148514,-0.178256,-0.941269,0.357028,-0.197066,0.369410,0.331451,-0.048648,0.180182,0.492622,0.326472,0.185913,0.306402,0.301422,0.087884,0.248386,-0.025145,0.264484,0.429228,0.310426,0.344797,0.350418,0.263611,0.372097,0.035172
0.297794,-0.027368,0.177789,-0.382090,0.060714,0.260959,-0.232994,-0.048130,-0.028911,0.028984,0.086600,-0.137865,0.426445,-0.017152,-0.235723,-0.106493,-0.164671,-0.559252,0.233134,0.039127,0.202580,0.218995,0.049827,-0.008729,0.299530,0.129894,-0.030954,0.254268,0.144586,0.011941,0.092159,0.046101,0.073477,0.347929,0.261970,0.117501,0.180618,0.118998,0.136356,0.042894
0.390836,0.033144,0.585646,-0.835648,0.024202,0.565376,-0.523675,0.025847,0.233345,0.287836,0.054354,-0.517320,0.545717,0.021931,-0.412335,-0.158964,-0.308728,-0.896288,0.359123,-0.028368,0.439897,0.307165,0.347071,0.066403,0.837702,0.403297,0.124017,0.293254,0.184135,0.091815,0.309630,0.025005,0.094615,0.388560,0.396322,0.249110,0.176308,-0.050581,0.370091,-0.002837
0.491426,0.078674,0.300175,-1.242641,-0.088001,0.656093,-0.854604,-0.146878,0.183895,0.147591,0.279702,-0.797070,0.937814,-0.329362,-0.497948,-0.333608,-0.403668,-0.820713,0.607758,-0.210071,0.387089,0.352241,0.302946,0.019136,0.628654,0.582248,-0.147680,0.422568,0.246570,0.145234,0.451408,0.198910,0.274294,0.528481,0.364373,0.130835,0.310246,0.336322,0.446247,0.203870
0.348668,0.272482,0.481120,-1.239195,-0.234571,0.804870,-0.770674,-0.214898,0.050848,0.237140,0.169927,-1.187528,0.877585,-0.077393,-0.883035,-0.365908,-0.323171,-1.414572,0.594509,-0.282300,0.570756,0.634647,0.428998,0.280347,0.541016,0.493828,0.120163,0.415094,0.313265,0.201487,0.070148,-0.144329,0.140387,0.571532,0.375602,0.300710,0.235691,0.229055,0.608681,0.257329
0.542450,0.082695,0.657081,-1.419470,0.295856,0.974455,-1.130090,-0.184816,-0.018766,0.394839,0.259799,-1.301307,1.550921,-0.308056,-0.784226,-0.318314,-0.847449,-1.838001,0.690732,-0.430346,0.603459,0.580527,0.330973,0.198846,0.815054,0.341254,0.360096,0.684027,0.313814,0.239412,0.259949,0.121469,0.247191,0.722251,0.503072,0.216686,0.746814,0.239495,0.795728,0.047357
0.225547,0.075560,0.141163,-0.566279,-0.000290,0.382804,-0.256678,-0.007270,-0.047456,0.077586,0.178541,-0.352512,0.371028,-0.074246,-0.390948,-0.143605,-0.258364,-0.492354,0.265262,0.036644,0.178531,0.246326,0.294789,0.055567,0.194290,0.082955,-0.001342,0.338122,0.211091,0.110939,0.050243,0.129631,-0.018248,0.320972,0.113093,0.028156,0.296813,0.079787,0.288625,0.040956
0.276268,-0.010141,0.143651,-0.741693,0.023000,0.499253,-0.559805,-0.126503,-0.125560,0.062096,0.212465,-0.526709,0.655200,-0.168415,-0.462728,-0.238128,-0.188619,-0.660126,0.172003,0.008775,0.279590,0.396333,0.265009,0.247765,0.349918,0.287122,0.016041,0.281805,0.207273,0.178837,0.057306,0.184901,0.262382,0.235782,0.069926,0.148590,0.366715,0.115381,0.441359,0.068676
0.141497,0.076528,0.224592,-0.732183,-0.170965,0.590839,-0.573756,-0.183764,0.006724,0.188091,0.240651,-0.683128,0.591280,0.007440,-0.448804,-0.221825,-0.478398,-0.759330,0.330774,-0.211309,0.227298,0.355698,0.184629,0.087708,0.326101,0.191971,-0.055247,0.217008,0.147943,0.113314,0.081210,-0.088445,0.056557,0.282722,0.143000,0.039754,0.268578,0.267540,0.504037,0.079948
0.161998,0.015824,0.156802,-0.316779,0.096028,0.284680,-0.279287,-0.052741,0.060217,0.014352,0.019379,-0.310153,0.396062,-0.097719,-0.201109,-0.051007,-0.103250,-0.455288,0.195814,0.009177,0.177529,0.217902,0.031824,0.120906,0.335239,0.169977,-0.019447,0.214087,0.125180,0.092111,0.127287,0.087151,0.136015,0.150687,0.142205,0.046408,0.246105,0.111808,0.212154,0.057747
0.225777,0.114203,0.193011,-0.573598,-0.021702,0.266969,-0.176969,-0.051775,0.010668,0.108493,0.097119,-0.356315,0.491977,-0.068693,-0.319637,-0.132790,-0.074573,-0.628080,0.362229,0.016168,0.161598,0.299986,0.145303,0.026192,0.239319,0.153909,0.006662,0.338081,0.271562,0.162907,0.080498,-0.001499,0.165018,0.176731,0.154193,0.189540,0.215223,0.241945,0.220695,0.102033
0.170352,0.102857,0.312664,-0.756120,0.061680,0.652865,-0.558140,-0.041312,-0.048961,-0.004920,0.071329,-0.574905,0.829473,-0.225868,-0.415837,-0.230331,-0.132611,-0.949172,0.306462,-0.105357,0.199137,0.512986,0.232368,0.280543,0.217579,0.259839,0.088528,0.407429,0.277391,0.315357,0.250229,0.045672,0.206002,0.295810,0.220136,0.381404,0.425707,0.112162,0.381592,0.336459
0.213118,-0.025436,0.268815,-0.816658,0.036720,0.656294,-0.512196,-0.165595,0.165644,0.163470,0.309456,-0.703627,0.817716,-0.145593,-0.547760,-0.316599,-0.456504,-0.752221,0.265995,0.044506,0.227551,0.170798,0.099944,-0.010363,0.402841,0.181744,0.035082,0.322608,0.161783,0.216779,0.226171,0.034601,0.185265,0.365239,0.320043,0.079283,0.252148,0.307982,0.427323,0.043625
0.298529,-0.060632,0.558685,-0.618728,-0.004890,0.498737,-0.497782,-0.033559,0.255770,0.187531,0.256219,-0.907385,0.824921,-0.260135,-0.214720,-0.147266,-0.142966,-1.101216,0.319778,-0.123520,0.437795,0.406598,0.092715,0.121879,0.609059,0.386500,-0.000981,0.219762,0.308299,0.136769,-0.072904,-0.003813,0.136968,0.446626,0.274158,0.154473,0.324665,0.183815,0.398396,0.122378
0.154970,0.107488,0.154803,-0.550010,-0.005059,0.310479,-0.285691,0.036775,0.014493,0.086170,0.217623,-0.442520,0.455341,-0.152544,-0.233971,-0.094703,-0.136305,-0.498905,0.311106,-0.088469,0.181018,0.268314,0.074073,0.041681,0.174689,0.204659,0.042745,0.246908,0.237843,-0.000972,0.063517,0.055462,0.140641,0.308614,0.114316,0.106889,0.283922,0.247320,0.231839,0.136244
0.365015,0.262665,0.134370,-0.854879,0.078243,0.369035,-0.508907,-0.007751,-0.034430,-0.024062,0.425060,-0.576390,0.693991,-0.245628,-0.446066,-0.096534,-0.221868,-0.677344,0.356721,-0.160464,0.192896,0.351041,0.058122,0.099968,0.100153,0.116596,0.009227,0.282114,0.166222,0.084804,-0.111238,0.086140,0.177459,0.548627,0.279165,0.124263,0.229545,0.375683,0.357428,0.107099
0.662351,0.135203,0.284131,-1.399246,-0.059817,0.677447,-0.897705,-0.330154,-0.036934,0.129561,0.429914,-0.754854,1.151417,-0.291139,-0.673933,-0.510995,-0.339897,-1.116104,0.610410,-0.341869,0.385068,0.266700,0.042016,0.117181,0.428449,0.669082,-0.006457,0.409762,0.121581,0.080173,0.318135,0.340994,0.182996,0.706238,0.208717,0.127004,0.336097,0.415507,0.469489,0.163824
0.208379,0.068686,0.205143,-0.793004,-0.028024,0.197063,-0.457971,-0.124087,0.019798,-0.013726,0.302311,-0.463894,0.568980,-0.194396,-0.469935,-0.274817,-0.282768,-0.555747,0.299870,0.088249,0.256526,0.270485,0.326619,-0.063102,0.300013,0.147614,0.069131,0.260325,0.175276,0.137356,0.164161,0.142603,0.130176,0.414524,0.223440,0.187316,0.107209,0.121647,0.209002,0.115660
0.421034,-0.030867,0.426932,-0.853383,-0.031920,0.328980,-0.286670,-0.099258,0.187633,0.004317,0.167358,-0.399548,0.651443,-0.108427,-0.454097,-0.136465,-0.283522,-0.896576,0.245339,-0.038021,0.382715,0.207570,0.214840,0.100301,0.357200,0.106939,0.115884,0.311025,0.291290,0.215792,0.227543,0.158960,0.209225,0.305161,0.298872,0.251582,0.256583,0.133370,0.258189,0.017116
0.230583,0.048810,0.173824,-0.667855,0.077801,0.400764,-0.396985,-0.009153,-0.019138,0.060155,0.091101,-0.476183,0.661407,-0.167420,-0.244013,-0.216612,-0.151119,-0.606512,0.326221,-0.023410,0.176657,0.354887,0.135782,0.131719,0.320488,0.268381,-0.012034,0.198079,0.261689,0.121759,0.080790,0.114117,0.290019,0.139836,0.133919,0.178605,0.287074,0.227837,0.343409,0.142269
0.390333,-0.087573,0.391891,-0.867083,-0.003262,0.415676,-0.364268,-0.161501,0.107503,0.084007,0.368620,-0.515505,0.704648,-0.073879,-0.588001,-0.173216,-0.226569,-0.929660,0.324190,0.214667,0.346396,0.308341,0.240989,0.084823,0.374452,0.128059,0.214955,0.327300,0.262135,0.233685,0.201893,0.171557,0.157522,0.451746,0.158135,0.190892,0.224003,0.214090,0.328762,-0.035598
0.207945,-0.117897,0.433057,-0.567122,-0.026627,0.362225,-0.351738,-0.074303,0.069331,0.052591,0.149390,-0.453327,0.438981,-0.156017,-0.405828,-0.121361,-0.374662,-0.643579,0.215233,0.019580,0.316683,0.130686,0.167931,0.074742,0.206857,0.058697,-0.067315,0.222501,0.199099,0.225459,0.065961,-0.035968,0.101565,0.266942,0.065145,0.175719,0.181543,0.134245,0.261287,0.065143
0.490529,0.074757,0.169150,-1.029233,-0.042645,0.453346,-0.528887,-0.173303,-0.138532,0.120242,0.172445,-0.560321,0.929458,-0.010039,-0.580746,-0.369264,-0.163815,-0.839673,0.314496,0.036823,0.355234,0.423214,0.136037,0.278881,0.239252,0.395191,-0.040616,0.263108,0.364667,0.040782,0.117794,0.281456,0.244742,0.298434,0.282983,0.039598,0.276363,0.220107,0.362711,0.182094
0.484515,0.207597,0.525273,-1.132074,-0.129672,0.811593,-0.897879,-0.280602,0.014483,0.124406,0.167681,-0.987509,0.830402,-0.177642,-0.891475,-0.327185,-0.170996,-1.191589,0.465686,-0.045357,0.653772,0.443532,0.376003,0.183669,0.389200,0.300133,0.119335,0.496070,0.263648,0.263317,0.336382,-0.030443,0.271704,0.536370,0.490520,0.448115,0.255695,0.284906,0.493819,0.139032
0.325197,0.106211,0.356702,-0.805657,0.093557,0.397209,-0.475815,0.017874,0.075714,-0.024782,0.144019,-0.260563,0.494243,-0.109655,-0.486487,-0.197766,-0.420731,-0.845432,0.393921,-0.022215,0.317990,0.270861,0.316949,0.013281,0.431430,0.127155,0.104676,0.343047,0.260349,0.026688,0.028599,0.060791,0.142430,0.657516,0.388537,0.122442,0.147066,0.033008,0.231116,0.056542
0.338828,0.055381,0.328381,-1.316165,-0.146007,0.259144,-0.661810,-0.046561,-0.044659,0.096868,0.308576,-0.553907,0.842518,-0.353959,-0.581079,-0.373220,-0.146119,-0.952504,0.482618,-0.136481,0.449422,0.495757,0.263177,0.239972,0.296643,0.499645,0.067383,0.302668,0.457371,0.060680,0.306025,0.245813,0.259715,0.575524,0.142194,0.325114,0.314290,0.423123,0.478724,0.154146
0.146703,0.052334,0.431554,-0.841147,0.005599,0.518074,-0.501214,-0.055227,0.000028,0.053607,0.333719,-0.581232,0.780246,-0.356588,-0.345192,-0.336717,-0.304231,-0.904511,0.359343,-0.164678,0.228181,0.341791,0.254346,0.102573,0.319573,0.175601,0.088862,0.394746,0.228083,0.192256,0.138404,0.079160,0.193049,0.498866,0.369539,0.306867,0.324568,0.127532,0.478284,0.321582
0.181647,-0.094931,0.382295,-0.469082,0.073371,0.298875,-0.328268,-0.085324,0.102889,0.063419,-0.037001,-0.402581,0.521207,-0.119664,-0.301726,-0.140408,-0.204505,-0.757453,0.057484,0.074131,0.434520,0.148295,0.155232,0.162600,0.498450,0.179349,0.089313,0.190307,0.203589,0.111737,0.248529,0.006603,0.259043,0.261132,0.268801,0.169248,0.266577,0.065805,0.250163,0.023252
0.324480,0.076894,0.243880,-0.552114,0.089288,0.294929,-0.330821,-0.096664,0.053409,0.049904,0.024718,-0.360461,0.471378,-0.067755,-0.374400,-0.075846,-0.104415,-0.533477,0.190873,0.036554,0.320397,0.164230,0.075096,0.032890,0.318154,0.107147,0.097183,0.320914,0.119284,0.140563,0.139324,0.026645,0.220491,0.259705,0.247622,0.154344,0.142610,0.241486,0.236245,0.022692
0.435737,-0.001108,0.329571,-0.737838,0.081404,0.445907,-0.253645,-0.097960,0.029121,0.088779,0.356536,-0.443506,0.752249,-0.324221,-0.455952,-0.262583,-0.199135,-0.865396,0.220323,0.028079,0.433142,0.237124,0.160977,0.115322,0.251498,0.049801,0.221695,0.399395,0.227109,0.226331,0.145699,0.085038,0.384279,0.252544,0.289776,0.244855,0.296400,0.244270,0.388686,0.149359
0.311306,0.193837,0.136574,-1.020178,0.072241,0.405138,-0.768892,-0.073865,-0.061018,0.034444,0.272612,-0.719291,0.785643,-0.239830,-0.460772,-0.145314,-0.183684,-0.661603,0.460822,-0.099551,0.243349,0.271040,0.057200,0.241854,0.316063,0.257025,0.038526,0.347740,0.068477,-0.035437,0.010453,0.134589,0.213631,0.506773,0.336038,0.031421,0.305707,0.391141,0.422910,0.140837
0.087753,0.072291,0.235635,-0.734297,-0.077115,0.356854,-0.413030,-0.088287,0.043424,-0.080621,0.110788,-0.469552,0.550104,-0.125709,-0.345928,-0.153917,-0.294944,-0.680319,0.360525,-0.224187,0.222799,0.264069,0.183005,0.088775,0.267758,0.176983,-0.006583,0.153525,0.296631,0.046325,0.267458,0.078219,0.101774,0.387524,0.169898,0.196204,0.333563,0.080144,0.314427,0.098656
0.389082,-0.021765,0.317446,-0.534241,0.140456,0.400436,-0.339802,0.029733,-0.004989,0.109826,0.126005,-0.544159,0.725991,-0.147203,-0.318970,-0.143284,-0.093477,-0.662592,0.187150,0.065710,0.308813,0.242110,0.017404,0.162979,0.283131,0.246532,0.028180,0.211264,0.217345,0.105360,0.040107,0.079054,0.287280,0.172797,0.209932,0.072412,0.251499,0.190954,0.295217,0.087034
0.259171,0.030005,0.349541,-0.799968,0.000545,0.400516,-0.489594,-0.181793,-0.017697,-0.063427,0.059668,-0.468049,0.642334,-0.103464,-0.428285,-0.216891,-0.187305,-0.957829,0.133504,-0.133084,0.370277,0.187732,0.144072,0.182209,0.309454,0.083582,-0.044639,0.329017,0.128308,0.217976,0.240633,0.022686,0.171459,0.305527,0.404039,0.345515,0.262827,0.071110,0.192223,0.244266
0.458970,-0.044335,0.648108,-1.016688,0.005594,0.586998,-0.712375,-0.359559,0.136732,0.053959,0.346007,-1.028618,1.081365,-0.293025,-0.701108,-0.374386,-0.550904,-1.123154,0.430913,0.019329,0.429032,0.355185,0.333412,0.050547,0.599620,0.239256,0.053592,0.203442,0.190148,0.292274,0.092467,0.281227,0.363638,0.486536,0.207513,0.186277,0.268577,0.359740,0.585740,0.198676
0.453001,0.071398,0.531595,-0.758659,-0.067553,0.622160,-0.609940,-0.139390,0.138264,0.037723,0.292742,-0.718642,0.743298,-0.146811,-0.410548,-0.255360,-0.235476,-1.110473,0.338467,-0.065852,0.403537,0.278339,0.218326,0.256802,0.342536,0.224513,0.068212,0.349128,0.232426,0.343941,0.051124,0.019199,0.026068,0.343342,0.365250,0.265087,0.182448,0.132985,0.419272,0.146297
0.144403,0.025003,0.542760,-1.114784,-0.036180,0.337581,-0.640442,0.018968,0.108669,-0.015501,0.196400,-0.678661,0.828849,-0.327552,-0.492415,-0.345123,-0.534893,-1.015351,0.608388,-0.160190,0.398545,0.442856,0.511358,-0.086895,0.564023,0.212845,0.109695,0.328558,0.273503,0.154038,0.140765,0.073828,0.261990,0.589817,0.226215,0.312279,0.298612,0.122171,0.409142,0.192389
0.420491,0.105020,0.682174,-1.061184,-0.079170,0.678412,-0.676799,-0.070526,-0.004636,0.300394,0.322694,-0.713312,0.597552,-0.134164,-0.653005,-0.431700,-0.519598,-1.260025,0.400290,0.095690,0.464386,0.549524,0.298257,0.153507,0.322120,0.090264,-0.067425,0.392644,0.340502,0.364074,-0.073376,-0.016868,0.067881,0.312362,0.091426,0.120287,0.383448,0.025312,0.412408,0.030841
0.277813,-0.036192,0.381565,-0.875168,0.052097,0.457766,-0.675859,-0.145585,-0.041851,0.045218,0.228211,-0.590769,0.645994,-0.216848,-0.465467,-0.223762,-0.382823,-0.764636,0.255039,-0.068081,0.410862,0.357734,0.369419,0.118691,0.440782,0.140172,-0.044574,0.225071,0.120565,0.253214,0.136050,0.043883,0.234332,0.360832,0.124215,0.168560,0.397761,0.225965,0.537172,0.099119
0.329222,-0.017647,0.272583,-0.792456,0.082508,0.696958,-0.567599,-0.164803,0.046567,0.206864,0.293059,-0.646323,0.793437,-0.065478,-0.514969,-0.205803,-0.484597,-0.788475,0.206692,0.055696,0.247583,0.164867,0.073121,0.056629,0.365227,0.149607,-0.013453,0.428863,0.117038,0.141765,0.170521,0.107305,0.004378,0.468762,0.299930,-0.050359,0.227749,0.279475,0.430156,-0.010422
0.258958,0.061981,0.243158,-0.770957,-0.006661,0.275827,-0.364031,0.021920,-0.009504,0.096773,0.081310,-0.313472,0.488578,-0.140323,-0.409206,-0.141049,-0.259105,-0.670945,0.287401,-0.072414,0.326246,0.270795,0.130586,0.155447,0.243989,0.225782,0.093329,0.221381,0.301030,0.017704,0.214078,0.101963,0.194244,0.389718,0.271834,0.179728,0.318909,0.191882,0.236979,-0.007763
0.292311,0.153726,0.496958,-0.667819,0.057508,0.653633,-0.501788,-0.164664,0.002926,0.182137,-0.039241,-0.577745,0.573988,-0.077340,-0.681233,-0.165142,-0.243932,-0.930951,0.382996,0.072249,0.362106,0.355618,0.261918,0.158004,0.398519,0.164542,0.112559,0.476985,0.171216,0.076137,0.099353,-0.092015,0.022161,0.360651,0.308365,0.169964,0.178597,0.157733,0.398414,0.018776
0.244576,0.127150,0.180221,-1.113497,-0.127653,0.795680,-0.580045,-0.077083,-0.165807,-0.096959,0.179745,-0.775159,0.792946,-0.231354,-0.520167,-0.364261,-0.302257,-1.159579,0.404342,-0.321227,0.231150,0.541584,0.217839,0.222064,0.128835,0.142379,-0.060388,0.321029,0.488555,0.086931,0.147191,0.042078,0.054525,0.459611,0.078638,0.287514,0.540956,0.153732,0.519448,0.272646
0.791072,0.533159,0.530066,-1.440011,0.073468,0.930610,-0.959984,-0.031330,-0.079204,0.307458,0.141100,-1.134556,1.287722,-0.060059,-0.786635,-0.626033,-0.810081,-1.840510,0.546119,-0.324062,0.580344,0.777752,0.531042,0.099069,0.640829,0.286235,0.127498,0.344960,0.479374,0.369803,0.508987,0.059327,0.373086,0.716278,0.239731,0.118821,0.315420,0.153243,1.100118,0.005345
0.142887,0.049512,0.150559,-0.675641,0.079126,0.365842,-0.487370,-0.155768,-0.044834,0.005567,0.129227,-0.388749,0.464167,-0.065253,-0.431027,-0.159374,-0.265875,-0.529380,0.237163,0.004266,0.182772,0.300939,0.287425,0.135661,0.371593,0.156879,-0.001509,0.292922,0.154269,0.175586,0.102636,0.165068,0.161418,0.266213,0.046285,0.073678,0.335765,0.087512,0.379590,0.059765
0.219026,-0.058230,0.484001,-0.790959,-0.019020,0.407171,-0.497361,-0.000223,0.096166,0.073232,0.147059,-0.548423,0.518710,-0.120307,-0.446862,-0.132248,-0.498596,-0.787072,0.334749,-0.087149,0.302976,0.253838,0.308954,0.135346,0.331941,0.105702,0.029184,0.392903,0.234722,0.203011,0.091719,-0.018226,0.118139,0.358328,0.118258,0.176759,0.307617,0.159837,0.356924,0.043024
0.269865,0.051378,0.388172,-0.657124,0.056323,0.529863,-0.503398,-0.069156,0.084362,-0.016180,0.222454,-0.525034,0.634264,-0.293459,-0.302089,-0.196023,-0.268855,-0.858359,0.215083,-0.076509,0.229795,0.225410,0.122691,0.201344,0.368915,0.129235,-0.022248,0.306716,0.183322,0.304230,0.032689,-0.015199,0.034944,0.407160,0.413949,0.202035,0.207086,0.149926,0.344899,0.187357
0.169886,0.003887,0.192870,-0.350191,0.097720,0.288250,-0.258724,-0.047693,0.046868,-0.009293,0.005900,-0.309238,0.428344,-0.094986,-0.228036,-0.070020,-0.080122,-0.506135,0.225431,0.022748,0.200934,0.229229,0.073195,0.119799,0.356601,0.193510,-0.032644,0.214348,0.151339,0.079551,0.182677,0.105819,0.136036,0.155316,0.165827,0.099016,0.246580,0.067635,0.207380,0.078767
0.204965,0.057761,0.635494,-1.202114,-0.021455,1.050283,-1.059287,-0.340839,0.022906,0.227679,0.133478,-1.126997,1.184516,-0.232791,-0.824150,-0.331487,-0.552739,-1.467743,0.482046,-0.186760,0.571070,0.393727,0.501872,0.236357,0.754263,0.446228,0.139684,0.560352,0.233882,0.403440,0.400331,-0.030751,0.274932,0.427936,0.549778,0.656460,0.479839,0.245663,0.593780,0.140829
0.263618,0.085997,0.514549,-1.193564,0.030955,0.621532,-0.803067,-0.098731,0.283750,-0.061271,0.285540,-0.977523,1.097440,-0.328538,-0.481024,-0.368801,-0.335483,-1.223770,0.414135,-0.033562,0.514582,0.409884,0.190668,0.141431,0.688364,0.407510,0.121533,0.274507,0.298435,0.194674,0.447631,0.119181,0.388426,0.636236,0.457226,0.243929,0.337907,0.189479,0.457766,0.080871
0.193881,0.020906,0.274953,-0.728612,0.070221,0.228599,-0.478339,-0.045441,0.067128,0.019569,0.073448,-0.432396,0.547220,-0.208366,-0.280802,-0.169068,-0.157741,-0.775130,0.135322,-0.032765,0.303626,0.180660,0.150179,0.193701,0.389331,0.275693,0.015360,0.131842,0.209978,0.070053,0.279302,0.022783,0.243188,0.270078,0.244486,0.113471,0.296439,0.167746,0.311925,0.026614
0.406640,0.359713,0.320502,-1.110533,0.129162,0.632110,-0.584155,-0.069704,-0.009710,0.036170,0.058428,-0.764606,0.802157,-0.009532,-0.580925,-0.015752,-0.391081,-1.126589,0.298314,-0.018594,0.455309,0.436589,0.023597,0.314990,0.199824,0.069496,0.195222,0.425645,0.392026,0.020495,0.194446,-0.120767,0.321981,0.420754,0.340590,0.247565,0.507321,0.382277,0.402122,0.059709
0.289937,-0.039794,0.294829,-0.434561,0.016299,0.316462,-0.242768,-0.122092,-0.071928,0.106441,0.015851,-0.247725,0.334790,0.019691,-0.297888,-0.052387,-0.139292,-0.493659,0.147711,0.120422,0.158173,0.040467,0.170952,0.013492,0.246219,0.049272,0.082907,0.217902,0.160924,0.116037,-0.068032,0.076990,0.066265,0.306754,0.164494,0.021066,0.125436,0.087360,0.198049,-0.061420
0.260394,0.200570,0.563561,-1.154223,-0.104092,0.630658,-0.920340,-0.204598,0.078344,0.101602,0.072856,-0.600850,0.665687,-0.142950,-0.455414,-0.233833,-0.256382,-1.128593,0.369308,-0.171073,0.425508,0.367259,0.236713,0.247349,0.522231,0.532951,0.111253,0.344214,0.250184,0.218120,0.221629,0.061888,0.187607,0.447973,0.301264,0.254736,0.317154,0.251950,0.469243,0.039778
0.454609,-0.097745,0.390317,-1.004520,-0.067182,0.409280,-0.594199,-0.112181,-0.089223,0.069753,0.291775,-0.706670,0.740663,-0.300901,-0.549678,-0.379160,-0.325359,-0.994347,0.409966,-0.072124,0.418937,0.535515,0.367411,0.135254,0.300153,0.091089,0.031993,0.205790,0.337747,0.271740,0.149197,0.044972,0.304425,0.267763,0.182076,0.322124,0.393818,0.275509,0.551469,0.078795
0.207044,0.112901,0.335267,-0.705070,0.072659,0.348806,-0.419828,-0.062251,0.193903,0.054414,0.017505,-0.400731,0.486937,-0.174096,-0.254544,-0.056576,-0.226230,-0.775859,0.263048,-0.111638,0.313508,0.237856,0.137679,0.151796,0.403924,0.188318,0.088440,0.315904,0.203391,0.218819,0.165630,0.004869,0.225221,0.295834,0.224818,0.122812,0.216305,0.058060,0.340841,0.080778
0.295135,0.023746,0.205871,-0.613594,-0.006287,0.234773,-0.239416,-0.010569,-0.017909,0.094051,0.156147,-0.371505,0.503855,-0.193144,-0.334455,-0.171442,-0.068139,-0.612061,0.288037,0.024341,0.290401,0.317386,0.111300,0.123181,0.173901,0.217696,0.086629,0.233250,0.298799,0.106996,0.111698,0.086608,0.225308,0.182857,0.144676,0.167165,0.251505,0.254458,0.256726,0.092303
0.298632,-0.029349,0.471959,-0.573273,-0.077163,0.397647,-0.324929,-0.085322,0.005283,0.195474,0.117834,-0.421955,0.334244,0.053703,-0.387215,-0.161617,-0.334625,-0.707880,0.201737,0.034638,0.220278,0.113335,0.167936,0.023896,0.285498,0.004611,-0.009225,0.270096,0.147118,0.189919,-0.015564,-0.041845,-0.031736,0.281981,0.059857,0.024372,0.187645,0.112991,0.253838,-0.103393
0.644990,0.304971,0.498376,-1.078616,-0.130877,0.571163,-0.697282,-0.002552,0.009363,0.311187,0.241603,-0.727385,0.929783,-0.163084,-0.353953,-0.246026,-0.015489,-1.155269,0.636063,-0.166456,0.448447,0.383073,0.292785,0.004319,0.588632,0.557531,-0.053839,0.205795,0.125228,0.128042,0.169015,-0.132370,0.171475,0.475994,0.377925,-0.082030,0.056192,0.048171,0.346197,0.091516
0.250161,0.073556,0.099958,-0.516940,0.021659,0.221885,-0.205266,-0.028537,-0.105822,0.022810,0.154949,-0.178094,0.437705,-0.002142,-0.249467,-0.181513,-0.099057,-0.458732,0.209180,0.027410,0.135937,0.183610,0.162498,0.070047,0.256217,0.086677,-0.061563,0.181815,0.192645,0.091794,0.112795,0.125714,0.022774,0.107367,0.146195,0.088312,0.274002,0.057588,0.205064,0.062762
1.333842,1.046797,1.038041,-2.458252,-0.600475,2.516926,-2.073304,0.238366,0.109106,1.420078,0.496853,-2.233366,2.840999,-0.751287,-1.296905,-0.938516,-0.530725,-2.453885,1.155923,-0.806390,1.980027,1.101230,0.803648,0.429187,1.097087,0.576000,0.054963,0.706874,0.777153,0.392619,0.879134,0.178544,1.150865,1.455493,0.942269,-0.210493,0.710045,0.429142,1.821566,0.393921
0.163043,-0.034227,0.339158,-0.857359,-0.032769,0.386418,-0.560241,-0.108067,0.047674,-0.024603,0.100899,-0.567293,0.624158,-0.242658,-0.385738,-0.218803,-0.321304,-0.922702,0.141946,-0.105521,0.430719,0.255738,0.314835,0.232238,0.391007,0.243068,0.033775,0.141810,0.284806,0.148144,0.268994,0.067053,0.202977,0.359939,0.217212,0.213511,0.373964,0.160517,0.416553,0.022232
0.279075,0.049958,0.184899,-0.420035,0.064452,0.279910,-0.193812,-0.025864,0.029560,0.101594,0.059513,-0.201707,0.333220,0.017880,-0.318857,-0.046590,-0.087632,-0.500480,0.164981,0.070542,0.199281,0.183388,0.157512,0.077556,0.236482,0.117197,0.050595,0.285970,0.184713,0.111455,0.078167,0.132858,0.101386,0.241718,0.191346,0.041176,0.245964,0.079698,0.191959,-0.000835
0.197874,-0.089994,0.353306,-0.434366,0.074113,0.457849,-0.341637,0.002036,0.099049,0.066290,0.030199,-0.434011,0.484754,-0.107472,-0.348049,-0.162330,-0.370765,-0.647490,0.109704,0.034842,0.299129,0.189800,0.197313,0.150007,0.390550,0.110006,0.002320,0.232230,0.218904,0.166996,0.194005,0.029039,0.186729,0.299984,0.175683,0.123831,0.362683,0.101006,0.286922,0.059329
0.170305,0.036073,0.167420,-0.469498,0.041957,0.377266,-0.378028,-0.084950,-0.031509,0.090887,0.200615,-0.525367,0.440359,-0.085134,-0.336935,-0.119550,-0.280597,-0.443091,0.266912,-0.060498,0.161727,0.251249,0.145246,0.006621,0.240353,0.083469,-0.042273,0.105687,0.081477,0.223933,-0.030941,0.021273,0.142228,0.213077,0.052499,0.116630,0.279121,0.287400,0.299945,0.024766
0.393815,0.069990,0.612490,-1.538878,0.006696,1.091396,-0.989188,-0.228291,0.251509,0.149135,0.237097,-0.760222,0.899070,-0.430774,-0.770518,-0.434013,-0.668753,-1.334926,0.589064,-0.159505,0.611435,0.352378,0.753559,-0.090357,0.598867,0.314719,-0.158178,0.398019,0.376909,0.348392,0.358919,0.032156,0.035221,0.831209,0.660115,0.477520,0.361458,-0.023281,0.447124,0.464145
0.224222,0.076108,0.157501,-0.391702,0.068092,0.273394,-0.252159,-0.082302,-0.041058,0.032866,0.170882,-0.337229,0.367756,-0.061666,-0.262741,-0.091417,-0.140985,-0.414242,0.168183,-0.037580,0.095127,0.149719,0.101002,-0.026008,0.151048,0.020840,-0.004129,0.184704,0.060312,0.173191,-0.088906,0.036675,0.041584,0.231354,0.103178,-0.010752,0.208619,0.180966,0.192429,0.033745
0.255675,0.088805,0.170609,-0.967030,-0.178369,0.593244,-0.469127,-0.237503,-0.066718,0.138667,0.221328,-0.577628,0.700222,0.010501,-0.544637,-0.304895,-0.314958,-0.792629,0.405523,-0.082026,0.275645,0.399393,0.113081,0.164878,0.294974,0.342299,0.010537,0.241597,0.234509,0.014725,0.187269,0.115367,0.126326,0.337447,0.215100,0.059411,0.258913,0.207800,0.415767,0.146948
0.250198,-0.031665,0.232164,-0.537351,-0.012608,0.363602,-0.173542,-0.016343,-0.039422,0.031092,0.180555,-0.256260,0.507605,-0.038124,-0.299681,-0.216947,-0.203752,-0.622869,0.239921,0.062363,0.312757,0.216429,0.182564,0.013484,0.291175,0.076080,-0.015211,0.160212,0.220699,0.119581,0.185560,0.092653,0.055321,0.185490,0.128097,0.180145,0.277262,0.058071,0.284146,0.044364
0.431655,0.132315,0.452125,-1.003179,-0.006413,0.842526,-0.812050,-0.128982,0.262586,0.137118,0.014723,-0.800902,0.995040,-0.317780,-0.484017,-0.340834,-0.288247,-0.973083,0.472544,-0.133951,0.417052,0.373351,0.126899,0.123044,0.568541,0.394973,-0.040088,0.407244,0.215177,0.299200,0.402021,0.031514,0.311364,0.445089,0.471494,0.280404,0.237236,0.223084,0.258007,0.215995
0.248782,0.062696,0.315300,-0.460394,0.023049,0.386805,-0.432373,-0.020347,0.190452,0.114588,0.153021,-0.520224,0.542887,-0.133594,-0.176164,-0.030544,-0.221613,-0.669488,0.181587,-0.114827,0.249485,0.191750,0.055990,0.098818,0.316567,0.183217,0.034755,0.295828,0.175093,0.141370,-0.012636,-0.023060,0.112280,0.332687,0.216384,0.078374,0.280652,0.156690,0.260120,0.030412
0.556060,-0.054079,0.774755,-0.874454,0.067831,0.520421,-0.496737,-0.059714,0.070513,0.306972,0.267290,-0.901159,0.761804,-0.241702,-0.527746,-0.268711,-0.241854,-1.439865,0.405841,0.060005,0.541306,0.574181,0.229007,0.238052,0.506114,0.265881,0.179607,0.277316,0.451084,0.205980,-0.262942,0.046239,0.022354,0.432965,0.194798,0.108178,0.422908,0.157141,0.436072,0.091239
0.726938,0.262001,0.556672,-1.452928,-0.261198,1.323089,-1.170594,-0.281148,0.513116,0.222994,0.397724,-1.703148,1.483221,-0.388198,-0.632855,-0.565827,-0.406884,-1.594955,0.483470,-0.228466,0.540346,0.462552,0.516937,0.144824,0.932485,0.815577,-0.178555,0.499643,0.472597,0.472861,0.388687,0.109353,0.410691,0.503604,0.841024,0.420708,0.136045,0.395938,0.660708,0.272619
0.289839,-0.063715,0.370955,-0.668839,-0.009248,0.395298,-0.358306,-0.248328,0.093845,0.036984,0.128285,-0.590238,0.667037,-0.100501,-0.440003,-0.171124,-0.186018,-0.911587,0.282777,0.003206,0.336738,0.284911,0.196060,0.186851,0.466522,0.259242,0.033844,0.207036,0.269333,0.106680,0.165211,0.127064,0.071180,0.205084,0.207603,0.109225,0.307724,0.043157,0.313085,0.051753
0.442872,0.059303,0.809695,-0.941553,-0.073229,0.865640,-0.910890,0.023312,0.240193,0.378080,0.308108,-1.197495,1.140559,-0.152889,-0.671258,-0.464602,-0.527828,-1.463975,0.478477,-0.021633,0.643473,0.326113,0.431099,0.331223,0.692123,0.425931,-0.167675,0.419712,0.243896,0.458880,0.260006,-0.045490,0.143404,0.474881,0.181777,0.352089,0.400356,-0.145309,0.414516,-0.063755
0.201261,0.094422,0.296055,-0.925847,0.114765,0.758673,-0.707590,-0.097730,0.037337,0.079774,0.317089,-0.603666,0.867983,-0.140878,-0.621408,-0.327385,-0.415559,-0.944732,0.421127,-0.138883,0.160472,0.442034,0.360895,0.017561,0.308154,0.265508,-0.116180,0.494888,0.265479,0.242238,0.123985,0.171474,0.257784,0.412889,0.120171,0.276631,0.594187,0.219869,0.563643,0.336711
0.159381,0.107500,0.298799,-0.931368,-0.004124,0.375700,-0.433649,-0.108480,-0.048174,0.152358,0.169175,-0.455680,0.504666,-0.021297,-0.555778,-0.136244,-0.353387,-0.718588,0.335022,-0.032111,0.252404,0.336487,0.187687,0.155130,0.256775,0.207007,0.111245,0.356468,0.234941,0.147218,0.173001,0.051859,0.099427,0.404682,0.185801,0.151599,0.190860,0.172362,0.381742,-0.016282
0.207360,-0.128354,0.290332,-0.621730,0.108511,0.515294,-0.446242,-0.195114,-0.071151,0.093747,0.209884,-0.472547,0.655671,-0.128942,-0.494236,-0.269084,-0.377748,-0.564133,0.033107,0.154487,0.266102,0.090152,0.207332,-0.062835,0.395746,-0.015187,-0.016386,0.345371,0.067958,0.151074,0.104432,0.158864,0.123451,0.346482,0.198319,0.012790,0.192197,0.109409,0.362911,0.005620
0.139691,0.116678,0.121605,-0.454282,0.056835,0.331252,-0.310946,-0.084588,0.038842,0.003718,0.053767,-0.368911,0.415933,-0.060794,-0.267822,-0.054006,-0.183915,-0.503606,0.327816,-0.025401,0.122217,0.270850,0.151822,0.040165,0.314143,0.115109,-0.087895,0.289661,0.132555,0.125890,0.101939,0.108730,0.079892,0.231170,0.081348,0.049144,0.284531,0.092885,0.246859,0.106962
0.320366,0.122942,0.491563,-0.889762,0.104789,0.582981,-0.697559,-0.062549,0.007661,0.216670,0.135162,-0.621461,0.600398,-0.141435,-0.591820,-0.132404,-0.487090,-0.829921,0.308432,0.141176,0.401226,0.244099,0.226056,0.076775,0.523931,0.171267,0.065479,0.498871,0.203184,0.109873,0.220128,0.047535,0.149544,0.549960,0.324655,0.115069,0.386778,0.261110,0.326213,-0.029947
0.503880,0.213051,0.509703,-1.247922,-0.144623,0.908517,-0.791389,-0.222028,-0.213904,0.043056,0.261235,-1.129046,0.920343,-0.408992,-1.005848,-0.459751,-0.187397,-1.331852,0.676093,-0.048982,0.421629,0.667982,0.471477,0.308047,0.326744,0.248137,0.027412,0.339559,0.297983,0.334414,-0.009329,0.027072,0.062562,0.665461,0.496322,0.586245,0.143843,0.300171,0.735826,0.453177
0.290775,0.085788,0.144358,-0.687625,0.019359,0.270431,-0.204062,-0.062007,-0.043754,0.115129,0.087792,-0.302356,0.527459,-0.067834,-0.358499,-0.173417,-0.028590,-0.660711,0.415975,0.036368,0.168969,0.327371,0.160350,0.058350,0.238009,0.175346,-0.025101,0.348757,0.316324,0.134838,0.142764,0.075226,0.154197,0.198464,0.170540,0.189591,0.282955,0.243057,0.217509,0.117487
0.621013,0.063108,0.360950,-0.929065,-0.017213,0.515338,-0.560412,-0.121612,-0.034517,0.213294,0.169357,-0.723518,0.683451,-0.074235,-0.516724,-0.348854,-0.061348,-0.878063,0.425399,0.085068,0.493860,0.454986,0.269064,0.209526,0.387138,0.260660,0.050298,0.348328,0.414795,0.211934,0.051081,0.108953,0.246131,0.356806,0.336165,0.216741,0.221690,0.226101,0.426371,0.088141
0.163709,-0.033832,0.364095,-0.652471,-0.029065,0.305227,-0.336733,0.013023,0.120735,0.060241,0.064353,-0.441195,0.536523,-0.217354,-0.283998,-0.116068,-0.240670,-0.826114,0.383977,-0.158055,0.403031,0.339460,0.035794,0.075842,0.455334,0.245516,0.128934,0.270975,0.305009,0.052717,0.232872,-0.030668,0.220186,0.363995,0.263825,0.300691,0.272695,0.112561,0.278135,0.062319
0.948668,0.366598,0.961100,-2.346501,-0.418756,1.408391,-1.136707,-0.361216,0.561116,0.279993,0.840023,-1.460421,1.668497,-0.766122,-0.979870,-0.705399,-0.653601,-2.500785,1.025303,-0.804872,0.616991,0.799414,0.606240,-0.105234,0.982489,0.714228,-0.031270,0.381060,0.412893,0.585997,0.747844,-0.017124,0.676910,0.799423,0.739074,0.705556,0.511667,0.485850,0.823261,0.006513
1.025207,0.375812,0.501575,-1.356793,-0.232941,0.723512,-0.880193,-0.259116,0.170567,0.188328,0.497962,-0.974270,1.021490,-0.432785,-0.823239,-0.669276,-0.138167,-1.268942,0.732167,-0.083079,0.668450,0.588462,0.659450,0.095332,0.380593,0.359912,-0.081421,0.194781,0.418725,0.572922,0.418492,0.158977,0.066647,0.552051,0.535395,0.410140,0.110047,0.190345,0.504529,0.226419
0.317102,0.100162,0.287825,-1.220511,-0.045901,0.564995,-0.695176,-0.163983,0.154197,0.005965,0.330715,-0.826145,1.130119,-0.156972,-0.377958,-0.243792,-0.195363,-1.139001,0.388432,-0.163739,0.345202,0.490029,0.000804,0.092908,0.503851,0.351632,0.133308,0.258696,0.254608,0.052669,0.198771,0.143151,0.317287,0.600528,0.382433,0.210546,0.202882,0.279141,0.438140,0.062414
0.080939,0.051370,0.297423,-0.860579,-0.024442,0.502812,-0.556103,-0.029704,-0.059522,0.119755,0.114975,-0.369839,0.672690,-0.197761,-0.373029,-0.207949,-0.391775,-0.684794,0.275193,-0.082717,0.275555,0.329424,0.250333,0.000433,0.379548,0.320558,-0.002193,0.427446,0.245950,0.042846,0.285029,0.030897,0.158039,0.399247,0.217815,0.220942,0.431899,0.259218,0.369101,0.242409
0.304558,-0.103652,0.518797,-0.771938,-0.125536,0.545987,-0.422846,-0.169988,-0.022529,0.124862,0.415008,-0.659013,0.779094,-0.240543,-0.460379,-0.377039,-0.220872,-0.956563,0.395732,-0.047181,0.325297,0.346799,0.036280,0.100846,0.388488,0.368836,0.103670,0.264461,0.327240,0.119469,0.146001,0.062427,0.142717,0.384318,0.200966,0.075890,0.320060,0.241755,0.374673,0.119621
0.310539,-0.080663,0.414494,-0.930941,-0.033030,0.446496,-0.500883,-0.080255,-0.058030,0.136678,0.358569,-0.613757,0.732298,-0.272520,-0.503720,-0.322407,-0.356874,-0.866286,0.455431,0.017783,0.389672,0.424420,0.273642,0.102576,0.271255,0.141099,0.107597,0.373308,0.317546,0.177726,0.129475,0.098222,0.307065,0.293290,0.087225,0.231615,0.471404,0.290684,0.330719,0.135267
0.224818,-0.011689,0.452972,-0.559541,0.101909,0.483098,-0.568805,0.041388,0.175063,0.199579,0.108941,-0.727849,0.642111,-0.309982,-0.313837,-0.214009,-0.273286,-0.840760,0.307446,-0.110012,0.273856,0.330405,0.235493,0.157138,0.512190,0.316923,0.026549,0.330428,0.179904,0.104059,0.072010,0.094767,0.139673,0.441275,0.310890,0.208384,0.386493,0.127919,0.353846,0.222404
0.337187,0.241098,0.425674,-0.987486,0.051351,0.824612,-0.824796,-0.292715,0.027119,0.080756,0.092377,-0.912720,1.051060,-0.341486,-0.772174,-0.365804,-0.252860,-1.221909,0.515102,0.016505,0.457685,0.401223,0.162419,0.225567,0.507452,0.258336,0.129263,0.505841,0.209197,0.205197,0.390486,-0.032271,0.089549,0.647023,0.711747,0.367028,0.177797,0.306212,0.493441,0.207144
0.244183,-0.020670,0.264834,-0.464690,0.091846,0.434184,-0.367954,0.008609,0.052262,0.189768,0.245083,-0.526684,0.533682,-0.225460,-0.265609,-0.175758,-0.259124,-0.579820,0.199544,-0.022759,0.222003,0.241682,0.106469,0.172839,0.278895,0.174415,-0.055918,0.220375,0.150241,0.091035,0.058860,0.040267,0.144393,0.245723,0.124898,0.082181,0.355038,0.211127,0.295551,0.160731
0.458670,-0.049430,0.434256,-1.138861,-0.120897,0.428685,-0.756857,-0.123755,0.031394,0.035863,0.530581,-0.793387,0.892139,-0.332943,-0.619251,-0.494570,-0.269343,-1.035607,0.480876,-0.033197,0.497647,0.456762,0.534124,0.088121,0.282685,0.160868,0.018022,0.125079,0.292459,0.235054,0.269274,0.206996,0.221864,0.542172,0.066109,0.267065,0.144568,0.249859,0.485454,0.076479
0.515130,0.088259,0.209930,-1.070108,-0.114228,0.605998,-0.541350,-0.234581,-0.046372,0.133924,0.414671,-0.746439,0.860478,-0.097129,-0.696331,-0.409964,-0.215981,-1.007438,0.421577,0.102659,0.391171,0.469348,0.416503,0.147193,0.327156,0.291863,0.066857,0.335475,0.345469,0.218892,0.201321,0.215491,0.121460,0.503799,0.304729,0.188060,0.140270,0.205746,0.447501,0.139539
0.126655,0.045028,0.525970,-1.219354,-0.053610,0.541003,-0.800420,-0.140322,0.189493,-0.095285,0.348578,-0.865585,1.028688,-0.257551,-0.439374,-0.434698,-0.455084,-1.052888,0.340254,-0.178244,0.462263,0.443982,0.331562,0.106765,0.620590,0.314704,0.066560,0.244938,0.222157,0.148177,0.350949,0.166530,0.274940,0.561451,0.381016,0.296623,0.158674,0.220129,0.596320,0.182112
